POPSize: 250
Generations: 250
Tournament Selection amount: 4
CrossoverRate: 85
type Of Crossover (1 is UOXwBM 2 is one point): 2
Mutation rate: 2
Number of chromosomes carried over due to Elitism: 10
Seed: 125

134.87703864957334,175.49690472011463
129.84245985803977,169.31287675136522
118.00434286460326,163.35086270494426
118.00434286460326,158.33141481449346
115.46249694282172,153.94953216293112
114.267083657687,149.78960899870643
103.6782469910938,147.4774459387678
103.6782469910938,144.42738792628384
103.6782469910938,142.81196430432706
103.6782469910938,140.57493976771156
94.5283277594937,138.88682107377332
94.5283277594937,136.99744469740824
94.5283277594937,134.73734722725678
94.5283277594937,131.9721417017167
94.5283277594937,126.79245495651357
94.5283277594937,124.86951293629203
90.02746649161278,122.45901382076431
90.02746649161278,118.30145142940943
89.0240571561574,116.9079724910779
89.0240571561574,112.26814062935426
85.94294621717071,110.45391886438911
85.94294621717071,104.29973339561819
85.94294621717071,101.64848722262379
85.94294621717071,99.04103873418924
80.26534724929418,98.04021235918223
80.26534724929418,96.45400100772012
80.26534724929418,95.90817502341288
77.19157190772755,93.42303184777901
77.19157190772755,90.37229276515023
77.19157190772755,88.85586351223816
75.83479767377888,86.85225743635331
75.83479767377888,86.22196717662331
75.83479767377888,84.89050848110051
75.83479767377888,84.08403113567223
75.77433056824839,82.80403633987308
75.77433056824839,81.35816881376212
73.45197389862025,79.76217300218246
73.45197389862025,78.77464580274852
73.45197389862025,78.27979109092469
73.45197389862025,79.45015089384283
73.36155124318245,78.66535323591303
73.36155124318245,77.67958303235224
73.36155124318245,77.08108207989034
73.36155124318245,76.855200652591
73.36155124318245,75.73805435128405
73.36155124318245,77.26378120725828
73.36155124318245,76.19103987015089
73.36155124318245,75.40101255264607
73.36155124318245,76.15494541345277
73.36155124318245,76.65562021299606
73.36155124318245,77.9095014036239
73.36155124318245,75.29855516920769
73.36155124318245,75.1435160397485
73.36155124318245,74.82402363554621
73.36155124318245,74.9163303820726
73.36155124318245,75.4740011092792
73.36155124318245,75.98267728301423
73.36155124318245,76.64659440317327
73.36155124318245,77.03398876363136
73.36155124318245,76.84916640125753
73.36155124318245,75.26979165895746
73.36155124318245,75.47139125287545
73.36155124318245,74.61469426041647
73.36155124318245,75.83727644118184
73.36155124318245,75.60825493168358
73.36155124318245,74.68569421397262
73.36155124318245,74.8955457114025
73.36155124318245,74.2672247168465
73.36155124318245,74.64978888433448
73.36155124318245,75.81462883907237
73.36155124318245,75.37052340117312
73.36155124318245,76.53999236592178
73.36155124318245,74.60477394299326
73.36155124318245,74.91652436207985
73.36155124318245,74.52656985903879
73.36155124318245,74.79141686245597
73.36155124318245,75.14275993835126
73.36155124318245,74.66571457416192
73.36155124318245,74.94122624690614
73.36155124318245,75.12004072527952
73.36155124318245,75.12777848975551
73.36155124318245,75.47131514058917
73.36155124318245,76.80562079340737
73.36155124318245,77.84501951965883
73.36155124318245,76.72503038943111
73.36155124318245,77.23479205945839
73.36155124318245,76.26862672671035
73.36155124318245,76.61255718319175
73.36155124318245,75.94208373635514
73.36155124318245,76.70255587494316
73.36155124318245,77.75536703930766
73.36155124318245,76.63368450743043
73.36155124318245,75.38911375547853
73.36155124318245,75.46868028969888
73.36155124318245,75.17526465041418
73.36155124318245,74.71255820002592
73.36155124318245,75.5584129369677
73.36155124318245,75.70157113987266
73.36155124318245,75.17381525265134
73.36155124318245,75.54433999572062
73.36155124318245,75.21999213154345
73.36155124318245,76.28122156283433
73.36155124318245,76.73608609382661
73.36155124318245,76.72140526535598
73.36155124318245,75.82610434109704
73.36155124318245,74.3878648579825
73.36155124318245,74.87364703294583
73.36155124318245,75.38200294888838
73.36155124318245,75.03984965528502
73.36155124318245,74.33651291095121
73.36155124318245,74.35992053778541
73.36155124318245,74.49433332450756
73.36155124318245,74.54822729969233
73.36155124318245,75.44568171463096
73.36155124318245,76.32089078905439
73.36155124318245,75.54891779828479
73.36155124318245,74.68947278140992
73.36155124318245,75.37607618874763
73.36155124318245,75.61886621162557
73.36155124318245,74.31356701261247
73.36155124318245,74.43820205286931
73.36155124318245,74.98689745239183
73.36155124318245,75.77885398283597
73.36155124318245,75.93045760468901
73.36155124318245,76.48825198104858
73.36155124318245,75.55914651832825
73.36155124318245,76.55875456175517
73.36155124318245,74.97582578442875
73.36155124318245,74.95330219545419
73.36155124318245,74.64118761241966
73.36155124318245,74.64265513054873
73.36155124318245,74.40356372009977
73.36155124318245,74.64979390918577
73.36155124318245,75.0543078526163
73.36155124318245,74.14897532147694
73.36155124318245,74.52171093784787
73.36155124318245,73.86551136349077
73.36155124318245,75.44583074247659
73.36155124318245,75.74491263381898
73.36155124318245,75.27703780152373
73.36155124318245,76.25485154979442
73.36155124318245,75.50784286145044
73.36155124318245,76.0044197686315
73.36155124318245,74.36291648680101
73.36155124318245,74.5870125290431
73.36155124318245,74.83258072910961
73.36155124318245,75.75286759708831
73.36155124318245,74.92040006225346
73.36155124318245,74.49273147026742
73.36155124318245,74.92015212113239
73.36155124318245,73.83870672978249
73.36155124318245,74.286946016568
73.36155124318245,74.90092685083697
73.36155124318245,76.29227880961673
73.36155124318245,76.6667463489281
73.36155124318245,75.16095323307252
73.36155124318245,75.30206739517978
73.36155124318245,75.71526931062266
73.36155124318245,76.43052067497305
73.36155124318245,76.39183668960057
73.36155124318245,78.08655806925638
73.36155124318245,76.93444122955079
73.36155124318245,76.65646548176296
73.36155124318245,76.82013352504222
73.36155124318245,76.25893036569582
73.36155124318245,75.43373023045324
73.36155124318245,76.38285056007602
73.36155124318245,75.53719038075836
73.36155124318245,75.75697310886932
73.36155124318245,75.97672706885756
73.36155124318245,75.76026431251513
73.36155124318245,75.63706737131582
73.36155124318245,77.00833826835965
73.36155124318245,77.93624852572253
73.36155124318245,75.40354183137305
73.36155124318245,75.350167271165
73.36155124318245,75.49485468592418
73.36155124318245,76.60328480543967
73.36155124318245,75.58775416317503
73.36155124318245,75.64604133349417
73.36155124318245,76.21423791981634
73.36155124318245,75.50007638262423
73.36155124318245,76.14150457949023
73.36155124318245,75.63873018051159
73.36155124318245,74.99913677215851
73.36155124318245,75.0794167103532
73.36155124318245,75.4779765865802
73.36155124318245,75.77211963311039
73.36155124318245,75.22456387951829
73.36155124318245,74.94001871903936
73.36155124318245,75.04403308651547
73.36155124318245,74.5334574847328
73.36155124318245,75.05521083430718
73.36155124318245,75.1648929489169
73.36155124318245,74.20632013532702
73.36155124318245,74.97416756708674
73.36155124318245,74.94287831598994
73.36155124318245,74.9294575978312
73.36155124318245,75.70270932454058
73.36155124318245,76.28165501935568
73.36155124318245,75.15359679016886
73.36155124318245,74.5908759463185
73.36155124318245,76.25618890953811
73.36155124318245,75.65948708167129
73.36155124318245,75.33199778580953
73.36155124318245,75.16058598049355
73.36155124318245,74.70235011107067
73.36155124318245,75.29644314367965
73.36155124318245,75.46149175346896
73.36155124318245,75.9736040763316
73.36155124318245,75.56191518948219
73.36155124318245,74.517946791646
73.36155124318245,75.9437388999602
73.36155124318245,74.38790499410113
73.36155124318245,74.91022861927344
73.36155124318245,75.55564566798014
73.36155124318245,75.48248746483948
73.36155124318245,74.81193414772369
73.36155124318245,75.93443566442019
73.36155124318245,74.73579701006047
73.36155124318245,76.47018021561125
73.36155124318245,77.60548923783392
73.36155124318245,78.52483427028017
73.36155124318245,77.68795775385217
73.36155124318245,76.61629300884836
73.36155124318245,76.18746198333271
73.36155124318245,76.95854402792276
73.36155124318245,76.27748291474924
73.36155124318245,75.92927350932639
73.36155124318245,75.91748627598685
73.36155124318245,77.26602150502002
73.36155124318245,75.44031187471045
73.36155124318245,74.2461180492089
73.36155124318245,75.01067172356697
73.36155124318245,75.62912172060628
73.36155124318245,74.86783093950405
73.36155124318245,74.80157093300419
73.36155124318245,75.45182392381892
73.36155124318245,75.31730803913545
73.36155124318245,75.33972328183627
73.36155124318245,75.87243466322145
73.36155124318245,76.36689811067197
73.36155124318245,76.67984498294693
73.36155124318245,76.49134117672152
73.36155124318245,76.21859952551948
73.36155124318245,76.29598494686331
73.36155124318245,76.1061100284256
73.36155124318245,75.374444105587
73.36155124318245,74.8295695946456
73.36155124318245,75.8389155533833

Best solution fitness: 73.36155124318245 Best Chromosome: [10,8,9,18,20,19,13,5,6,14,15,0,1,16,2,21,3,17,7,11,12,4]