POPSize: 250
Generations: 250
Tournament Selection amount: 4
CrossoverRate: 85
type Of Crossover (1 is UOXwBM 2 is one point): 2
Mutation rate: 2
Number of chromosomes carried over due to Elitism: 5
Seed: 130

114.25220004308997,174.89258440358165
114.25220004308997,170.07962037577568
114.25220004308997,164.41321749414425
108.48357922152651,158.5845453275449
108.48357922152651,154.6920377702086
108.48357922152651,148.90331766287673
104.61253436766685,141.90753000246866
99.16983256455316,136.8374589773169
99.16983256455316,136.31867772365743
96.6217847181444,132.11778359390763
96.6217847181444,129.3723667247764
91.87143547956103,126.75339841657413
91.87143547956103,122.20356746719332
91.87143547956103,120.5866401457028
91.87143547956103,117.96084929461043
89.640459321668,115.31324935173916
87.72981470103821,112.0589180594163
87.72981470103821,112.09293708856455
87.72981470103821,110.32091127931209
87.72981470103821,108.26508595557848
85.74472663162075,105.57588189926548
84.99774356447747,103.86753776962478
84.7254200338796,100.17466101459085
84.7254200338796,95.5591501269044
81.40625615925308,93.6783823195189
81.40625615925308,91.20370645558319
81.15282588364276,90.15083404460312
81.15282588364276,88.50020711665353
81.15282588364276,86.83456772743331
80.97924079117982,85.51099951774583
80.97924079117982,84.57296553634345
80.97924079117982,83.77403672994342
80.97924079117982,83.72103376947813
80.97924079117982,83.54200989258857
80.97924079117982,83.68261936198256
80.97924079117982,83.77510538347983
80.97924079117982,83.7909731570894
80.97924079117982,83.50074942000106
80.97924079117982,82.97056825816948
80.97924079117982,82.17190092888187
80.97924079117982,83.03998527812561
80.97924079117982,82.19914110215316
80.97924079117982,81.82617556531856
80.97924079117982,83.09396173200773
80.97924079117982,82.78994980918657
80.97924079117982,83.24793756846081
80.97924079117982,81.92995197367681
80.97924079117982,81.91136973469925
80.97924079117982,83.19423145363113
80.97924079117982,82.51135001398862
80.97924079117982,81.98728195759256
80.97924079117982,82.48424637164995
80.97924079117982,82.0670645917451
80.97924079117982,82.19813425547943
80.97924079117982,83.45005384850755
80.97924079117982,83.24124038447103
80.85774849666585,83.47643484225576
80.85774849666585,83.4857689970443
80.85774849666585,82.44012484166376
80.85774849666585,82.83679351966474
80.85774849666585,81.80616401321336
80.85774849666585,81.69956297057671
80.85774849666585,81.92003142668155
80.85774849666585,83.14380755932021
80.85774849666585,82.28851177626724
80.85774849666585,83.53496627810969
80.85774849666585,83.80887335658562
80.85774849666585,83.34934258089008
80.85774849666585,82.0230385452371
80.85774849666585,81.70149574697456
80.85774849666585,81.70753479734033
80.85774849666585,82.12585366260483
80.85774849666585,82.5257956508184
80.85774849666585,82.15637923604187
80.85774849666585,82.07213320554683
80.85774849666585,83.44765181541702
80.85774849666585,83.20974318510216
80.85774849666585,82.35914138257573
80.85774849666585,83.46342446186024
80.85774849666585,84.03875047374139
80.85774849666585,83.50605422147162
80.18569528094889,83.60055044854074
80.18569528094889,83.20112043267673
79.85830157561013,83.54853287061592
79.85830157561013,82.1796645057145
79.85830157561013,82.64991152036278
79.85830157561013,83.52460989594245
79.85830157561013,82.6037696398181
79.85830157561013,82.89127646892588
79.85830157561013,83.70134042446556
79.85830157561013,84.34183946536619
79.85830157561013,82.75843131679976
79.85830157561013,82.18681487076462
79.85830157561013,82.24216038975352
79.85830157561013,81.0755266044748
79.85830157561013,80.89239927048322
79.85830157561013,81.76497443265656
79.85830157561013,81.6933627723443
79.85830157561013,81.93453458445278
79.85830157561013,81.79637994952357
79.85830157561013,82.12828483783987
79.85830157561013,82.59954806978082
79.85830157561013,82.18711195275536
79.85830157561013,82.52938373872148
79.85830157561013,81.36784737711055
79.85830157561013,81.8888459318957
79.85830157561013,81.08670412524995
79.85830157561013,81.9943033233723
79.85830157561013,82.39919145855379
79.85830157561013,82.04788454682887
79.85830157561013,80.84548487117628
79.85830157561013,81.14794537564383
79.85830157561013,80.61362247593917
79.85830157561013,81.79004165187641
79.85830157561013,81.40665595893068
79.85830157561013,82.53031420067559
79.85830157561013,82.67336949687764
79.85830157561013,83.39350763906364
79.85830157561013,83.7506899034013
79.85830157561013,82.70244390120806
79.85830157561013,82.92268186944305
79.85830157561013,82.72766143336088
79.85830157561013,82.32742413594937
79.85830157561013,81.7229634373519
79.85830157561013,82.23604824922275
79.85830157561013,81.66614268853728
79.85830157561013,81.46077049147362
79.85830157561013,82.54250300870653
79.85830157561013,82.67044701720329
79.85830157561013,82.8353154641802
79.85830157561013,82.85058579313409
79.85830157561013,82.09259146157163
79.85830157561013,82.16227747451445
79.85830157561013,81.69978800890445
79.85830157561013,82.86261916827077
79.85830157561013,84.54124123923414
79.85830157561013,84.6284511009165
79.85830157561013,83.46399719406647
79.85830157561013,82.69688813375467
79.85830157561013,82.72551030091569
79.85830157561013,82.11072566929847
79.85830157561013,82.73085661537598
79.85830157561013,82.27203974710636
79.85830157561013,81.73834825388067
79.85830157561013,82.6422569660298
79.85830157561013,82.02337365584799
79.85830157561013,81.71232226252984
79.85830157561013,81.42604851093138
79.85830157561013,81.54905451683906
79.85830157561013,81.91894582774914
79.85830157561013,81.98124431273583
79.85830157561013,82.54555632530139
79.85830157561013,81.77562444317748
79.85830157561013,81.64604222452198
79.85830157561013,81.31429789376256
79.85830157561013,81.7958363558088
79.85830157561013,81.66367554432838
79.85830157561013,82.49597915735905
79.85830157561013,81.73274959417338
79.85830157561013,82.05320935554157
79.85830157561013,82.14919483132284
79.85830157561013,82.38289103365256
79.85830157561013,82.2795667190579
79.85830157561013,82.75672325159829
79.85830157561013,82.0664881238684
79.85830157561013,82.3764830482032
79.85830157561013,81.82825157426885
79.85830157561013,81.98957124760413
79.85830157561013,81.14169337119486
79.85830157561013,81.04992177586107
79.85830157561013,81.13000835647529
79.85830157561013,80.99996784703526
79.85830157561013,81.33912400825923
79.85830157561013,82.98331814944449
79.85830157561013,82.14617804354035
79.85830157561013,82.78572364470688
79.85830157561013,81.41364789434513
79.85830157561013,80.93278240688342
79.85830157561013,81.11275075713026
79.85830157561013,80.36725043026189
79.85830157561013,81.90507163386656
79.85830157561013,82.36397401912869
79.85830157561013,82.10238601734225
79.85830157561013,81.24979097878024
79.85830157561013,80.7678242662477
79.85830157561013,81.11493721603365
79.85830157561013,80.704562858315
79.85830157561013,81.24964141446122
79.85830157561013,80.87566622707318
79.85830157561013,81.1549981292683
79.85830157561013,81.02461939179562
79.85830157561013,81.49257361508921
79.85830157561013,81.18220864654239
79.85830157561013,81.66492256422873
79.85830157561013,81.27646259627154
79.85830157561013,81.68924448878397
79.85830157561013,80.92236936113974
79.85830157561013,81.56057033152914
79.85830157561013,82.61969709619854
79.85830157561013,81.6315688126404
79.85830157561013,81.70428575436866
79.85830157561013,83.69729331100474
79.85830157561013,82.9935697969005
79.85830157561013,83.60588315967965
79.85830157561013,83.16138063629965
79.85830157561013,82.59620413095685
79.85830157561013,83.59642103041826
79.85830157561013,83.26533616080339
79.85830157561013,82.75692183185605
79.85830157561013,83.91964365134844
79.85830157561013,84.57888592599063
79.85830157561013,82.68245986644226
79.85830157561013,83.73591099229263
79.85830157561013,81.83013225077248
79.85830157561013,81.933964119613
79.85830157561013,81.14879980845204
79.85830157561013,81.08583815289236
79.85830157561013,81.68390588046641
79.85830157561013,81.85910581197565
79.85830157561013,81.5131030388388
79.85830157561013,82.29826206410038
79.85830157561013,81.58716497115235
79.85830157561013,81.25229687293032
79.85830157561013,81.59615861254844
79.85830157561013,82.37130386088646
79.85830157561013,81.97558899774641
79.85830157561013,83.51486365253959
79.85830157561013,82.59062585120205
79.85830157561013,81.6944282018973
79.85830157561013,82.11898011473625
79.85830157561013,82.43612799140426
79.85830157561013,82.25967353064935
79.85830157561013,81.86031559814371
79.85830157561013,81.36188477270342
79.85830157561013,82.15469650671409
79.85830157561013,82.46623991613609
79.85830157561013,81.94608194664855
79.85830157561013,81.29388317591956
79.85830157561013,81.29433603781413
79.85830157561013,81.17675795947774
79.85830157561013,81.12530811010514
79.85830157561013,82.0163804920938
79.85830157561013,82.12580968247994
79.85830157561013,82.5588910649059
79.85830157561013,82.15381073443508
79.85830157561013,81.356358274428
79.85830157561013,81.56989070676778
79.85830157561013,80.92078200004649
79.85830157561013,81.51490725186576
79.85830157561013,81.24913085158347

Best solution fitness: 79.85830157561013 Best Chromosome: [2,1,16,7,14,13,12,11,20,18,19,8,9,5,6,15,0,3,21,17,4,10]