POPSize: 250
Generations: 250
Tournament Selection amount: 4
CrossoverRate: 90
type Of Crossover (1 is UOXwBM 2 is one point): 1
Mutation rate: 0
Number of chromosomes carried over due to Elitism: 1
Seed: 72

133.64801179328765,178.23812097614007
133.08847047282185,174.0038521601269
130.25746105399915,172.2798783594772
126.72156182972822,170.90823252207693
126.72156182972822,172.32561389041746
126.72156182972822,171.2981449864661
126.72156182972822,170.65982941878937
126.72156182972822,170.18963143770958
123.1546449851033,170.83038136373304
114.54477645842401,169.57554012217736
114.54477645842401,170.38836860440705
114.54477645842401,165.87452379326956
114.54477645842401,165.34435553855295
108.73756054923747,165.10966097955756
108.73756054923747,165.8676479155984
108.73756054923747,166.01253079986216
108.73756054923747,163.02508448827058
108.32726155790425,163.78981702576704
108.32726155790425,160.51229012754035
108.32726155790425,160.84874525414995
108.32726155790425,159.45611038660053
108.32726155790425,159.23755310113734
108.32726155790425,160.69816422404634
108.32726155790425,160.06578413700979
108.32726155790425,160.52129890662212
108.32726155790425,161.37187381496278
108.32726155790425,161.18825898663533
108.32726155790425,159.6478020005732
108.32726155790425,158.06408152147273
108.32726155790425,157.63847338951908
108.32726155790425,157.53347527815046
108.32726155790425,156.52368208821738
108.32726155790425,153.77802382294598
108.32726155790425,154.20215256113894
108.32726155790425,153.9632179039179
104.00460101767435,152.95919747029467
104.00460101767435,151.92726262691787
104.00460101767435,152.36250038910143
104.00460101767435,154.71569082098972
104.00460101767435,151.3164164052999
104.00460101767435,151.1911232757153
104.00460101767435,152.85399909137948
100.97035695054356,151.61852806586245
100.97035695054356,152.17346801580774
100.97035695054356,155.10417562800092
100.97035695054356,154.81536983149505
100.97035695054356,152.3463441061847
99.30997120063623,153.04480834660478
99.30997120063623,151.1675535578046
99.30997120063623,151.0984971935437
99.30997120063623,148.9103597851261
99.30997120063623,151.6534627182529
99.30997120063623,151.16100168247044
99.30997120063623,150.26837510301112
99.30997120063623,150.92961025984488
99.30997120063623,150.897166076573
99.30997120063623,151.9098370213995
99.30997120063623,150.94451849572246
99.30997120063623,152.00823567902953
99.30997120063623,149.2128407829002
99.30997120063623,150.23691171853173
99.30997120063623,150.0746510232885
99.30997120063623,149.28855151845244
99.30997120063623,149.67206685979744
99.30997120063623,150.5187150394726
99.30997120063623,150.78167847103182
99.30997120063623,149.3993922324156
99.30997120063623,150.3494241484088
99.30997120063623,149.17529618605826
99.30997120063623,148.02272572497031
95.11685139537455,147.04185170602193
95.11685139537455,147.1371236657877
95.11685139537455,147.19056006882803
95.11685139537455,147.18376254364077
95.11685139537455,148.47108362498048
95.11685139537455,148.71020282406596
95.11685139537455,149.14446766473012
95.11685139537455,150.2867769895987
95.11685139537455,150.44401680728726
95.00536439167249,150.47062136984496
95.00536439167249,150.34786067215518
95.00536439167249,149.75034190519926
95.00536439167249,148.22541099465002
95.00536439167249,147.02770804355492
90.85991354439037,148.9475450948059
90.85991354439037,148.7735321914046
90.85991354439037,147.85733923048642
90.85991354439037,147.05025012214264
90.85991354439037,147.0731963332241
90.85991354439037,150.79152982932476
90.85991354439037,149.62481152471375
90.85991354439037,150.02184590548498
90.85991354439037,149.7731089581623
90.85991354439037,148.47716726609724
90.85991354439037,148.60881863219066
90.85991354439037,147.98416358189655
90.85991354439037,147.87485389110512
90.85991354439037,145.62230305784857
90.85991354439037,144.51293239627336
90.85991354439037,145.79159294520022
90.85991354439037,145.34049676690017
90.85991354439037,145.55582237201256
90.85991354439037,144.3812068702124
90.85991354439037,144.55974792008283
90.85991354439037,144.4385054092396
90.85991354439037,146.61808794650761
90.85991354439037,145.20938127701996
90.85991354439037,145.67434996673776
90.85991354439037,146.12337272182623
90.85991354439037,143.92203865970995
90.85991354439037,144.06677155272098
90.85991354439037,142.52112411377965
90.85991354439037,144.59432140196697
90.85991354439037,143.47579920484495
90.85991354439037,142.54524106563747
90.85991354439037,143.1928858451495
90.85991354439037,144.48631671601444
90.85991354439037,145.62664611657934
90.85991354439037,144.99665117140884
90.85991354439037,142.68424528926946
90.85991354439037,143.54275490611948
90.85991354439037,143.95255329460002
90.85991354439037,143.47064152034406
90.85991354439037,142.7527250660642
90.85991354439037,142.3268446121126
90.85991354439037,144.95880867602128
90.85991354439037,144.74278920881147
90.85991354439037,143.8609439845432
90.85991354439037,143.59080528015178
90.85991354439037,143.66612078183422
90.85991354439037,143.8127126762955
90.85991354439037,141.34929462788403
90.85991354439037,142.91993695548874
90.85991354439037,144.7913510792346
90.85991354439037,144.3898878041714
90.85991354439037,144.11998018798081
90.85991354439037,144.35234164357144
90.85991354439037,142.59692417635887
90.85991354439037,144.77219070882998
90.85991354439037,143.4344907651918
90.85991354439037,144.31248137431814
90.85991354439037,144.7725422401141
90.85991354439037,144.4759704737542
90.85991354439037,144.90655031443302
90.85991354439037,145.0403032566034
90.85991354439037,144.17988892284117
90.85991354439037,144.7278777192661
90.85991354439037,145.68986889278347
90.85991354439037,145.6742724156284
90.85991354439037,143.69146181874814
90.85991354439037,145.16820762649863
90.85991354439037,145.71254304670495
90.85991354439037,145.54135261924395
90.85991354439037,145.37915557091446
90.85991354439037,145.15094211424957
90.85991354439037,144.4473035855979
90.85991354439037,145.90035049686549
90.85991354439037,145.58646132783105
90.85991354439037,147.0165045430932
90.85991354439037,146.56833386166699
90.85991354439037,146.87495001993605
90.85991354439037,146.44772873568118
90.85991354439037,145.2992607153025
90.85991354439037,144.9164968618853
90.85991354439037,144.8737360842489
90.85991354439037,145.69798174181057
90.85991354439037,145.38326634601628
90.85991354439037,145.70158989646913
90.85991354439037,146.06065925768877
90.85991354439037,146.03244497080638
90.85991354439037,146.5824017496053
90.85991354439037,146.04728832150798
90.85991354439037,143.29532591665432
90.85991354439037,142.0418470693645
90.85991354439037,143.61745789966602
90.85991354439037,144.52820843291366
90.85991354439037,145.84251842360018
90.85991354439037,144.5930040442994
90.85991354439037,145.34395655572015
90.85991354439037,142.82935538388486
90.0988395972236,141.6865974862829
90.0988395972236,141.85851212694436
90.0988395972236,142.876243542947
90.0988395972236,142.8227932422791
90.0988395972236,143.61164173974367
90.0988395972236,145.57715914869036
90.0988395972236,144.08776198544254
90.0988395972236,141.38325976289755
90.0988395972236,141.35965249095023
90.0988395972236,142.91528248943388
90.0988395972236,144.08409233714778
90.0988395972236,143.99371271662645
90.0988395972236,144.51470772452024
90.0988395972236,142.68036898485312
90.0988395972236,142.7653096738985
90.0988395972236,140.99902757915697
90.0988395972236,141.36636849967107
90.0988395972236,139.80525714846092
90.0988395972236,140.33102481169234
90.0988395972236,142.3372735114745
90.0988395972236,140.84691358597235
90.0988395972236,141.7423496306415
90.0988395972236,142.2503552951557
90.0988395972236,140.47177600025563
90.0988395972236,141.00336792525349
90.0988395972236,142.00837319226923
90.0988395972236,142.3639027220864
90.0988395972236,143.8434317861502
90.0988395972236,143.2222698789895
90.0988395972236,142.21359153749907
90.0988395972236,143.18227046042892
90.0988395972236,142.3728857523669
90.0988395972236,141.44250885054774
90.0988395972236,140.22483890309735
90.0988395972236,139.24033511428595
90.0988395972236,139.32996892046233
90.0988395972236,140.81239468344478
90.0988395972236,141.66397333346595
90.0988395972236,142.1123123864847
89.08283808739273,142.42097508152804
89.08283808739273,142.26906739421
89.08283808739273,143.21338688623916
89.08283808739273,141.68497232401734
89.08283808739273,141.10755866588397
89.08283808739273,142.08516206601647
89.08283808739273,143.868843461137
89.08283808739273,142.19871602248176
86.95900504593246,139.3588178739138
86.95900504593246,140.50833408109295
86.95900504593246,141.56858631701562
86.95900504593246,139.73256402878042
86.95900504593246,139.79358972835578
86.95900504593246,140.12437160446362
86.95900504593246,138.29201493125387
86.95900504593246,138.96921833182196
86.95900504593246,139.58914805977633
86.95900504593246,137.22427326157748
86.95900504593246,137.11992170473275
86.95900504593246,135.67592862916234
86.95900504593246,134.09296205434225
86.95900504593246,134.0250213392738
86.95900504593246,134.28121452040213
86.95900504593246,136.2772506537212
86.95900504593246,135.82963137106378
86.95900504593246,136.54988327590337
86.95900504593246,135.15659648947005
86.95900504593246,136.16783809614137
86.95900504593246,136.86171319620058
86.95900504593246,136.84656099607452
86.95900504593246,136.06685052333935

Best solution fitness: 86.95900504593246 Best Chromosome: [7,15,12,6,19,9,11,14,13,18,20,21,3,16,2,1,17,0,4,5,8,10]