POPSize: 250
Generations: 250
Tournament Selection amount: 4
CrossoverRate: 85
type Of Crossover (1 is UOXwBM 2 is one point): 1
Mutation rate: 2
Number of chromosomes carried over due to Elitism: 1
Seed: 144

131.76138711959175,177.6784274056686
123.3793729757575,172.97422415970954
123.3793729757575,173.56440854747314
123.3793729757575,171.8601472634762
123.3793729757575,171.5362197833116
103.30263044306449,169.80893374214546
103.30263044306449,171.35328808247974
103.30263044306449,170.00359093088983
103.30263044306449,169.57973354614126
103.30263044306449,166.83147738757455
103.30263044306449,165.17816404274362
103.30263044306449,164.9610777052679
103.30263044306449,166.42404436551936
103.30263044306449,166.16803604435827
103.30263044306449,163.29919674015508
103.30263044306449,163.23929464201638
103.30263044306449,163.38166275587133
103.30263044306449,165.14934300219667
103.30263044306449,161.72840806069792
103.30263044306449,160.19619595571868
103.30263044306449,158.63200668422095
103.30263044306449,158.729963242896
103.30263044306449,156.79916184038063
103.30263044306449,157.43594306054618
103.30263044306449,155.2770313249853
103.30263044306449,155.91666993162028
103.30263044306449,156.36261943527217
98.28694600429402,156.00358285198456
98.28694600429402,154.31416564143404
98.28694600429402,152.61050490347623
98.28694600429402,153.74303357871113
98.28694600429402,151.89905452404247
98.28694600429402,153.3981407161375
98.28694600429402,150.9012041907624
98.28694600429402,149.93111178131056
98.28694600429402,146.93238500766444
95.5069187388341,148.75470580128072
95.5069187388341,147.93681871492993
95.5069187388341,148.3904996365306
95.5069187388341,148.8878750700176
95.5069187388341,147.29882272937937
95.5069187388341,146.45146554155062
95.5069187388341,148.1580538527619
95.5069187388341,148.08226885372665
95.5069187388341,148.7047993041286
95.5069187388341,148.48063553495226
95.5069187388341,146.1758878195193
95.5069187388341,146.731634450952
95.5069187388341,145.9635719847404
95.5069187388341,145.79763391137683
95.5069187388341,145.06209825860608
95.5069187388341,144.2360097359987
95.5069187388341,144.71826060482692
95.5069187388341,144.53582320789107
95.5069187388341,146.02409469072285
95.5069187388341,144.8374663026447
95.5069187388341,144.04913708645225
95.5069187388341,143.57276022675234
95.5069187388341,145.8592871614791
95.5069187388341,145.45260906596627
95.5069187388341,146.68538338537599
95.5069187388341,145.01037734349453
95.5069187388341,144.0412928167733
95.5069187388341,145.19161989567905
95.5069187388341,142.56027771073468
95.5069187388341,145.47894789554553
95.5069187388341,145.97663006694773
95.5069187388341,146.91928494940026
95.5069187388341,143.91338797688218
95.5069187388341,145.2190670759756
95.5069187388341,144.06930663809442
95.5069187388341,143.2313671678125
95.5069187388341,144.82507182827226
95.5069187388341,145.8621357798574
95.5069187388341,146.5458682710518
95.00428355852843,143.74676706847606
95.00428355852843,144.38200552823204
95.00428355852843,144.18065213200126
95.00428355852843,143.98101968478286
95.00428355852843,144.4088849443779
95.00428355852843,144.75914196204863
89.88434565189854,143.86401934077188
89.88434565189854,143.87998914164444
89.88434565189854,144.40487486007018
89.88434565189854,142.8755915138085
89.88434565189854,143.39966913102884
89.88434565189854,144.05588944918549
89.88434565189854,143.22096321223947
89.88434565189854,142.94889840322642
89.88434565189854,142.54822621500824
89.88434565189854,143.9496811710711
89.88434565189854,145.67308253796762
89.88434565189854,144.43158411791188
89.88434565189854,143.42194094851973
89.88434565189854,142.8016097612191
89.87855206493381,140.18169278011987
89.87855206493381,141.0530819427153
89.87855206493381,141.00011239984738
89.87855206493381,142.46793670964672
89.87855206493381,141.7342475653729
89.87855206493381,144.3719606146655
89.87855206493381,144.04802781931357
89.87855206493381,143.9054619984081
89.87855206493381,142.0870864651406
89.87855206493381,141.70085055339308
89.87855206493381,143.4766885108888
89.87855206493381,142.59240382698044
89.87855206493381,143.49629027453707
89.87855206493381,143.98579973007702
89.87855206493381,143.43419834803555
89.87855206493381,141.72206439339925
89.87855206493381,143.06801142016312
89.87855206493381,144.9192631186876
89.87855206493381,143.39736749422698
89.87855206493381,143.0423601313426
89.87855206493381,143.4155128814902
89.87855206493381,143.40608997212365
84.12402305303364,142.89332941032617
84.12402305303364,143.06697300846113
84.12402305303364,142.76439007811922
84.12402305303364,143.92936479084804
84.12402305303364,144.0635494839683
84.12402305303364,143.85868546104882
84.12402305303364,144.11282375016128
84.12402305303364,143.0371285738693
84.12402305303364,144.77432339239044
84.12402305303364,143.67262613264023
84.12402305303364,144.08834300243316
84.12402305303364,144.14893232721093
84.12402305303364,143.78560740619815
84.12402305303364,143.62972179879026
84.12402305303364,144.8723391334777
84.12402305303364,144.267951757845
84.12402305303364,144.95070432028072
84.12402305303364,143.05205657853716
84.12402305303364,145.9917818178381
84.12402305303364,145.56232650967115
84.12402305303364,145.5764910889926
84.12402305303364,144.56516220512242
84.12402305303364,144.48243445191073
84.12402305303364,145.3906372808601
84.12402305303364,145.2132870265317
84.12402305303364,144.33186522932266
84.12402305303364,144.7736227722541
84.12402305303364,144.4025817912843
84.12402305303364,143.5700504374031
84.12402305303364,142.84055866136026
84.12402305303364,143.08111233523218
84.12402305303364,144.97283483366513
84.12402305303364,143.61411768274021
84.12402305303364,144.22935643541794
84.12402305303364,143.24123363540613
84.12402305303364,144.77450810980937
84.12402305303364,144.78710704439655
84.12402305303364,145.13224343150637
84.12402305303364,144.97032086205436
84.12402305303364,145.26383512738212
84.12402305303364,145.4212424799487
84.12402305303364,145.71891709703127
84.12402305303364,146.06927442534982
84.12402305303364,146.05602662327027
84.12402305303364,145.58377616593697
84.12402305303364,143.78619833805436
84.12402305303364,143.55484483931946
84.12402305303364,144.22198452286625
84.12402305303364,143.0863011419129
84.12402305303364,145.20477996160145
84.12402305303364,145.1326582691804
84.12402305303364,144.5327281732052
84.12402305303364,143.55468571279266
84.12402305303364,142.75099249216981
84.12402305303364,144.2892938027248
84.12402305303364,144.28993205463922
84.12402305303364,143.5874491765183
84.12402305303364,142.94923878557412
84.12402305303364,143.23354722928926
84.12402305303364,143.04521258399842
84.12402305303364,144.2194312923844
84.12402305303364,142.83651291019106
84.12402305303364,142.92120513291343
84.12402305303364,142.30857528728566
84.12402305303364,143.6039653332329
84.12402305303364,143.91525883030025
84.12402305303364,144.45215474560334
84.12402305303364,143.93535981004882
84.12402305303364,142.96371231200413
84.12402305303364,144.4250738705771
84.12402305303364,144.06996192808208
84.12402305303364,142.24225931284195
84.12402305303364,143.4115359333517
84.12402305303364,144.07975639173785
84.12402305303364,143.21459680773643
84.12402305303364,143.59318518451926
84.12402305303364,144.3135629722667
84.12402305303364,144.99313320565975
84.12402305303364,143.4605586608804
84.12402305303364,144.33305671194466
84.12402305303364,144.24314763142485
84.12402305303364,144.90888731051533
84.12402305303364,146.29633063519958
84.12402305303364,146.05716330742564
84.12402305303364,146.61657899123512
84.12402305303364,146.18201379916243
84.12402305303364,145.96467865885012
84.12402305303364,145.50414588668903
84.12402305303364,144.66047067801998
84.12402305303364,145.3998182767467
84.12402305303364,145.49249775657427
84.12402305303364,146.23095956463908
84.12402305303364,145.6350054217556
84.12402305303364,144.85270789319173
84.12402305303364,145.32059828458074
84.12402305303364,146.07384825162046
84.12402305303364,145.7681959903357
84.12402305303364,144.5972399326792
84.12402305303364,144.6647395601899
84.12402305303364,145.88436235026532
84.12402305303364,145.6172477041475
84.12402305303364,143.52195407042498
84.12402305303364,143.38174456518155
84.12402305303364,142.93304637824954
84.12402305303364,141.759211455626
84.12402305303364,142.3383722044693
84.12402305303364,143.04941423580132
84.12402305303364,143.97973409184007
84.12402305303364,145.19942396491356
84.12402305303364,146.66210414041998
84.12402305303364,144.8119570256129
84.12402305303364,144.41827566133097
84.12402305303364,143.56510079386695
84.12402305303364,142.24690527207173
84.12402305303364,144.09045904492004
84.12402305303364,144.98686042011093
84.12402305303364,144.87931049517996
84.12402305303364,145.0310132436568
84.12402305303364,142.7373470661075
84.12402305303364,143.36582505121865
84.1179871494557,143.0690374079286
84.1179871494557,142.46754604072612
84.1179871494557,143.35392724942287
84.1179871494557,142.30600732481005
84.1179871494557,142.04759898746204
84.1179871494557,142.88439463925363
84.1179871494557,143.10128845247573
84.1179871494557,141.5079452234423
84.1179871494557,142.07771392856495
84.1179871494557,142.62541893402624
84.1179871494557,143.862552248102
84.1179871494557,143.56313502754497
84.1179871494557,145.2780665847105

Best solution fitness: 84.1179871494557 Best Chromosome: [19,18,9,20,5,12,14,6,11,13,7,3,21,17,2,16,1,15,0,4,8,10]