POPSize: 250
Generations: 250
Tournament Selection amount: 4
CrossoverRate: 90
type Of Crossover (1 is UOXwBM 2 is one point): 1
Mutation rate: 10
Number of chromosomes carried over due to Elitism: 1
Seed: 90

136.6791474905253,173.75458797082013
123.67103995503469,171.87999707149743
121.78528013029612,170.62771989587858
121.78528013029612,169.67019304604042
121.78528013029612,169.60739509835994
121.78528013029612,170.13092625123156
117.70220302007469,168.55045534811813
117.70220302007469,169.6474578372273
117.70220302007469,169.55330533981504
117.70220302007469,170.73043468603424
117.70220302007469,170.22187957509394
117.70220302007469,167.39040382493695
117.70220302007469,167.96907017616152
117.70220302007469,167.74053088041163
115.16979383686026,166.46596068789424
115.16979383686026,165.7487736268638
113.4973770026613,163.97345511723057
113.4973770026613,161.67849173207827
113.4973770026613,162.68263360080945
101.66321051245612,161.40025115453483
101.66321051245612,157.85025413718466
101.66321051245612,158.89924376768278
96.34127735854324,160.35074668898116
96.34127735854324,158.99827328252968
96.34127735854324,158.73275129793134
96.34127735854324,156.45793611885156
96.34127735854324,157.36066758290463
96.34127735854324,157.3949391936227
96.34127735854324,157.32752604620802
96.34127735854324,156.09332927963175
96.34127735854324,156.9753025206492
96.34127735854324,156.44664445696404
96.34127735854324,155.81761696148217
96.34127735854324,154.31858160164637
96.34127735854324,154.68752964941308
96.34127735854324,152.89958407604473
96.34127735854324,153.14408250849218
96.34127735854324,154.1300802171054
96.34127735854324,154.43415766311264
96.34127735854324,153.2587674241378
96.34127735854324,153.24237112676735
96.34127735854324,152.134661591584
96.34127735854324,153.3459817867798
96.34127735854324,152.9770276986015
96.34127735854324,151.5255469366906
96.34127735854324,151.46824340414736
96.34127735854324,150.95885975321704
96.34127735854324,151.15854286860971
96.34127735854324,151.40312405330602
96.34127735854324,153.7097558897114
96.34127735854324,153.02862066273522
96.34127735854324,150.8011601062271
96.34127735854324,151.1730427253994
96.34127735854324,150.7784945455531
96.34127735854324,149.05099906761345
96.34127735854324,150.419697946925
96.34127735854324,150.23124420818294
96.34127735854324,151.0622170111821
96.34127735854324,151.4499339103583
96.34127735854324,153.09624593037898
96.34127735854324,151.33450816276684
96.34127735854324,150.35068728475315
96.34127735854324,151.75174057874958
96.34127735854324,152.13375350289624
96.34127735854324,152.69960401933272
96.34127735854324,151.64930709278008
96.34127735854324,150.67486168394595
96.34127735854324,150.79425445635889
96.34127735854324,149.96278597147793
96.34127735854324,149.56411169472753
96.34127735854324,148.83968653772058
96.34127735854324,151.1673542161828
96.34127735854324,151.83343471001768
96.34127735854324,151.13975193977987
96.34127735854324,152.10301965691778
96.34127735854324,148.85970677097805
96.34127735854324,149.2883402579684
96.34127735854324,149.53387500148196
96.34127735854324,148.45913214419994
96.34127735854324,149.16892456049698
96.34127735854324,149.74062557501105
96.34127735854324,149.87676393683873
96.34127735854324,150.14692057740766
96.34127735854324,147.99304466699405
96.34127735854324,148.07435721297148
96.34127735854324,148.00862393736682
96.34127735854324,148.81658128309815
96.34127735854324,149.44093131118026
96.34127735854324,149.33427868865348
96.34127735854324,149.5949567120103
96.34127735854324,150.99911179738217
96.34127735854324,150.21825705602282
96.34127735854324,150.4110281271962
96.34127735854324,149.29217467217813
96.34127735854324,149.70887376034645
96.34127735854324,150.30085859681623
96.34127735854324,149.7802044706859
96.34127735854324,148.6884195021595
96.34127735854324,148.68047438838522
93.04500845133751,147.37943113769998
93.04500845133751,147.79049036017997
93.04500845133751,148.7406296246375
93.04500845133751,148.5544197288161
93.04500845133751,149.48787778803762
93.04500845133751,148.18047453850963
93.04500845133751,147.97995889130792
93.04500845133751,149.24544154761733
93.04500845133751,149.31188779749837
93.04500845133751,149.33012365140493
93.04500845133751,149.41509534244184
93.04500845133751,149.95295738142397
93.04500845133751,147.94581590273927
93.04500845133751,148.29041435989583
93.04500845133751,149.72695555851243
93.04500845133751,147.68561767012775
93.04500845133751,147.6636259807648
93.04500845133751,144.57800961923056
93.04500845133751,146.74897950752268
93.04500845133751,146.27351503185307
93.04500845133751,145.89300665930207
93.04500845133751,146.51030010150836
93.04500845133751,148.00321186972462
93.04500845133751,146.42588951978132
93.04500845133751,144.86675939618883
93.04500845133751,144.6044056922087
93.04500845133751,144.66720097954322
93.04500845133751,145.7681957309049
93.04500845133751,144.56350505145915
93.04500845133751,145.96735495713222
93.04500845133751,145.6034469932637
93.04500845133751,145.15380444214537
93.04500845133751,145.1223998179032
93.04500845133751,145.29805492440696
93.04500845133751,145.43374057915398
93.04500845133751,146.17873161895398
93.04500845133751,146.14211135851343
93.04500845133751,145.0003831566856
93.04500845133751,146.6632333031639
93.04500845133751,147.60509373053367
93.04500845133751,147.65283624882804
92.40602682653127,147.87102402441778
92.40602682653127,146.74942423179706
92.40602682653127,146.91287764458906
92.40602682653127,146.32860303570115
92.40602682653127,148.02278202970052
87.14517380479839,147.2721100834249
87.14517380479839,145.4294197054842
87.14517380479839,146.24332745851052
87.14517380479839,144.92107743988655
87.14517380479839,146.49738230783993
87.14517380479839,147.5701188224021
87.14517380479839,146.41633604125008
87.14517380479839,146.08033836831996
87.14517380479839,144.93191096894256
87.14517380479839,144.84194851945517
87.14517380479839,144.9333141485274
87.14517380479839,146.59717004877845
87.14517380479839,146.04051532746553
87.14517380479839,146.02700280350518
87.14517380479839,147.60281858275567
87.14517380479839,146.07675974804903
87.14517380479839,147.7546991976667
87.14517380479839,146.2705745680532
87.14517380479839,147.10671602918745
87.14517380479839,145.5124336926471
87.14517380479839,146.03720667426194
87.14517380479839,145.4815755096179
87.14517380479839,146.69092457235368
87.14517380479839,146.7712147791583
87.14517380479839,147.96351055385523
87.14517380479839,147.83793106030805
87.14517380479839,148.88700829915805
87.14517380479839,145.43682620605446
87.14517380479839,145.96531933669024
87.14517380479839,146.25383418321834
87.14517380479839,145.69732900463737
87.14517380479839,144.85267764709383
87.14517380479839,145.09610240804935
87.14517380479839,144.81078062701198
87.14517380479839,146.03995705160767
87.14517380479839,145.45099656179303
87.14517380479839,147.57211830677736
87.14517380479839,145.23967576504057
87.14517380479839,147.23008051987972
87.14517380479839,148.5422092782938
87.14517380479839,147.50436571806938
87.14517380479839,146.3669441550313
87.14517380479839,144.0713132719708
87.14517380479839,145.6334035612504
87.14517380479839,145.12494752194934
87.14517380479839,146.33890535158042
87.14517380479839,145.70826610170752
87.14517380479839,146.07801648142825
87.14517380479839,146.37648876561812
87.14517380479839,146.54871186067123
87.14517380479839,148.55736833988888
87.14517380479839,146.90995588675517
87.14517380479839,147.18107309166155
87.14517380479839,146.58597710621734
87.14517380479839,147.1504935246081
87.14517380479839,149.18585128503673
87.14517380479839,147.01349396214238
87.14517380479839,147.48347749508835
87.14517380479839,148.10641168442947
87.14517380479839,147.31892815315098
87.14517380479839,149.26111432335026
87.14517380479839,147.75463095632924
87.14517380479839,149.19528995650367
87.14517380479839,147.4874372493761
87.14517380479839,148.15246635819295
87.14517380479839,147.49702069833094
87.14517380479839,147.40127357829164
87.14517380479839,148.30910069491546
87.14517380479839,148.06835357006827
87.14517380479839,147.62728434436258
87.14517380479839,148.2453566633037
87.14517380479839,148.22341976779703
87.14517380479839,146.11206732009813
87.14517380479839,147.67330961388578
87.14517380479839,145.84381089708748
87.14517380479839,146.56815798375155
87.14517380479839,146.45991428424642
87.14517380479839,146.265129166927
87.14517380479839,147.0755877286945
87.14517380479839,149.50132925849002
87.14517380479839,148.21974467984387
87.14517380479839,149.56967690351118
87.14517380479839,148.45259606752947
87.14517380479839,148.13850077392237
87.14517380479839,146.39887627653266
87.14517380479839,147.09206143826276
87.14517380479839,147.88221238650277
87.14517380479839,147.7023392645933
87.14517380479839,147.08556818296086
87.14517380479839,145.9865555903562
87.14517380479839,146.7128010103833
87.14517380479839,149.4627240543668
87.14517380479839,148.42115566653015
87.14517380479839,146.11526269657716
87.14517380479839,147.19159662989497
87.14517380479839,146.48425393113567
87.14517380479839,146.32712810513004
87.14517380479839,145.65558565852106
87.14517380479839,146.8689474878372
87.14517380479839,147.11842621189436
87.14517380479839,146.12235022467164
87.14517380479839,146.7498138505707
87.14517380479839,147.70771020762686
87.14517380479839,148.62426993714024
87.14517380479839,148.7239583689252

Best solution fitness: 87.14517380479839 Best Chromosome: [1,7,15,9,8,20,2,16,17,3,21,0,12,11,14,13,18,19,5,6,4,10]