POPSize: 250
Generations: 250
Tournament Selection amount: 4
CrossoverRate: 85
type Of Crossover (1 is UOXwBM 2 is one point): 2
Mutation rate: 2
Number of chromosomes carried over due to Elitism: 10
Seed: 299

1425.4949327857616,1639.531895470985
1370.411374237473,1606.6057306192547
1364.826773420367,1578.0733920172033
1349.457911447003,1551.8894488829528
1307.1747699647867,1524.2708617582384
1307.1747699647867,1499.6658899519628
1298.274893534743,1482.5380009330113
1260.1001871341937,1462.8799896235525
1230.5945567572528,1452.3760218428015
1230.5945567572528,1430.8815417612675
1230.5945567572528,1412.719083423431
1224.6720753622478,1395.1742086408685
1224.6720753622478,1378.2681050163897
1212.8195486478185,1370.5226344583145
1212.8195486478185,1360.6733159834885
1205.974027769998,1341.8071075451282
1203.1956943332473,1346.487164670687
1189.2953543889996,1334.9920077044335
1170.3749677052797,1326.1920354760161
1067.5926263990273,1312.2212687310146
1067.5926263990273,1307.74376981338
1067.5926263990273,1296.453397587565
1067.5926263990273,1281.20399706605
1067.5926263990273,1261.0785191972218
1067.5926263990273,1243.4749991736392
1063.2416080510836,1221.6464177878424
1048.3273087594773,1213.2870285615193
1034.8099270229163,1207.8283890755906
1022.0510202024221,1201.772447742828
1009.9470845998055,1183.19415378063
1009.9470845998055,1170.2594555604956
1001.5264099557091,1148.547629929766
1000.7989477613507,1128.4252626976806
988.707517216757,1112.011992165223
963.6756542993828,1106.9435306124585
942.3153656553823,1101.7021446289596
942.3153656553823,1082.240720094798
912.2308549119857,1059.9704221981526
912.2308549119857,1052.8305513189814
912.2308549119857,1045.129746990274
912.2308549119857,1015.5087934234908
912.2308549119857,1003.1522619387122
894.2709272767042,988.4345894115472
894.2709272767042,972.0454863701558
894.2709272767042,961.9676632160924
894.2709272767042,945.009169236122
894.2709272767042,934.036262179351
894.2709272767042,916.2648667154234
894.2709272767042,916.4930101212465
894.2709272767042,918.6430081239157
894.2709272767042,908.0756618818075
894.2709272767042,911.691183714416
894.2709272767042,910.3139977226691
894.2709272767042,910.7897065041363
894.2709272767042,907.3394755446618
894.2709272767042,903.0956396853348
894.2709272767042,909.2267233553343
894.2709272767042,907.6615344576231
894.2709272767042,901.5980563491324
894.2709272767042,905.0308067983872
887.2954163383763,908.8102760082317
887.2954163383763,919.3176028907649
887.2954163383763,914.7544406695458
887.2954163383763,916.8691645421603
887.2954163383763,909.1259709791954
885.7896546659019,919.5931213204814
877.6006269420443,910.2975099802122
877.6006269420443,903.7467075993732
877.6006269420443,898.7360011080103
877.6006269420443,899.7487124342017
875.1131606109727,905.8171314525847
875.1131606109727,892.4010336473849
875.1131606109727,896.5104045827717
875.1131606109727,901.2728205117855
863.257066047303,894.8990928513936
846.0018764319295,893.7055104374487
846.0018764319295,890.6216436245628
846.0018764319295,891.1151438527028
843.5144101008578,881.106713860475
843.5144101008578,883.4284323947804
843.5144101008578,877.8226211619374
843.5144101008578,879.2667469721358
843.5144101008578,873.4293951048951
843.5144101008578,871.4375269470618
843.5144101008578,868.2514184202815
843.5144101008578,868.1392924555581
843.5144101008578,870.9186999309001
843.5144101008578,864.0416178028818
837.0480437414168,860.9013871266147
837.0480437414168,860.812500931768
837.0480437414168,856.6024568772169
837.0480437414168,857.7953197214803
837.0480437414168,862.5860912952859
837.0480437414168,858.4115713324459
837.0480437414168,859.2035851197849
837.0480437414168,860.9976173749809
837.0480437414168,865.6849074010323
837.0480437414168,865.9129499911145
837.0480437414168,856.9988650785209
837.0480437414168,848.8082916409849
836.8935019081588,851.3434051699743
836.8935019081588,850.043487580552
836.8935019081588,842.784181243566
836.8935019081588,845.8236444329635
836.8935019081588,850.9232875818515
836.8935019081588,856.791814273593
836.8935019081588,853.4829677780008
836.8935019081588,853.7184559756796
836.8935019081588,851.8953400502014
836.8935019081588,845.9466666950976
836.8935019081588,842.1580591868344
836.8935019081588,845.7309995379353
836.8935019081588,846.1725035366464
836.8935019081588,850.9155750674404
836.8935019081588,847.5315584257143
836.8935019081588,858.9124947098553
836.8935019081588,844.5007953701123
836.8935019081588,842.2863770850802
836.8935019081588,846.3763680372572
836.8935019081588,848.8460434776014
836.8935019081588,854.2979210764405
836.8935019081588,853.863749209648
836.8935019081588,858.755330040422
836.8935019081588,849.7496545264487
836.8935019081588,856.0180335777927
836.8935019081588,862.6946102057797
836.8935019081588,853.2450439816195
836.8935019081588,854.6243798180036
836.8935019081588,853.0427243693474
836.8935019081588,864.7414387854903
836.8935019081588,859.6994719040127
836.8935019081588,858.1218945637365
836.8935019081588,865.2029416954315
836.8935019081588,857.4984090938801
836.8935019081588,855.1272598714656
836.8935019081588,869.2336174493211
836.8935019081588,858.6470564748366
836.8935019081588,853.7813799077927
836.8935019081588,857.6304312633966
836.8935019081588,859.2945226584824
836.8935019081588,861.856462360143
836.8935019081588,867.5499563741561
836.8935019081588,865.0388402342802
836.8935019081588,851.7516172835778
836.8935019081588,849.9195219009091
836.8935019081588,848.9615559150272
836.8935019081588,849.9131797381614
836.8935019081588,853.4817701041957
836.8935019081588,857.4634312117809
836.8935019081588,867.8777655367157
836.8935019081588,855.3426753175164
836.8935019081588,848.3024545465312
836.8935019081588,851.9120074403623
836.8935019081588,851.1552997488803
836.8935019081588,848.9095436270852
836.8935019081588,846.0689613127554
836.8935019081588,854.2548356808119
836.8935019081588,852.7507821157574
836.8935019081588,853.5120001226894
836.8935019081588,856.3701882132206
836.8935019081588,856.9034639742273
836.8935019081588,853.9378370946484
836.8935019081588,851.9948629388088
836.8935019081588,851.1173540316063
836.8935019081588,844.7206712896455
836.8935019081588,848.1976632788904
836.8935019081588,846.9464987309701
836.8935019081588,846.631561696422
836.8935019081588,850.7365675683021
836.8935019081588,863.3423487766308
836.8935019081588,870.7126267613243
836.8935019081588,866.0236888436798
832.1469044160294,862.0653070456852
832.1469044160294,867.1432061838831
832.1469044160294,871.2336834165357
832.1469044160294,864.9582252296098
827.0493270588287,869.4690970898818
827.0493270588287,868.4608358264894
827.0493270588287,868.0641335191467
827.0493270588287,858.6429134202664
827.0493270588287,849.5278153793726
827.0493270588287,846.7441249458274
827.0493270588287,841.2826352904423
827.0493270588287,844.7439085040475
827.0493270588287,844.1537821561736
827.0493270588287,843.2557934305866
827.0493270588287,841.4399248755964
827.0493270588287,844.8866900739233
827.0493270588287,837.3414964755084
824.5125556992048,838.6992772237908
824.5125556992048,844.9583585245675
824.5125556992048,853.2959695478075
824.5125556992048,853.7561327672244
824.5125556992048,845.7536746785132
824.5125556992048,846.619513392188
824.5125556992048,845.0727290076727
824.5125556992048,842.3224638771434
824.5125556992048,849.2049471964218
824.5125556992048,851.5738900293724
824.5125556992048,855.5520477098355
824.5125556992048,846.7800656213726
824.5125556992048,854.653111355484
824.5125556992048,845.1071391210544
824.5125556992048,839.8052346026807
824.5125556992048,839.8964887562904
824.5125556992048,841.2130882187971
824.5125556992048,843.6595612776197
824.5125556992048,841.8002543201627
824.5125556992048,835.9835907735002
824.5125556992048,832.9334151176813
824.5125556992048,842.7878695295753
824.5125556992048,848.6570483859463
824.5125556992048,846.4854922957511
824.5125556992048,838.0959885700788
813.6880537044678,833.8628114605879
813.6880537044678,835.7976625402591
813.6880537044678,846.8561387744259
813.6880537044678,854.8733436829987
813.6880537044678,840.6877007747735
813.6880537044678,843.9842356967514
813.6880537044678,842.7619879315206
813.6880537044678,840.3389690361297
813.6880537044678,836.492852904025
813.6880537044678,826.8273457319241
813.6880537044678,831.8064006022863
813.6880537044678,829.083729120322
813.6880537044678,829.2860334249957
813.6880537044678,834.1476877984985
813.6880537044678,832.4619298289623
813.6880537044678,837.4713932362715
813.6880537044678,829.0223259365689
813.6880537044678,834.4569375168204
813.6880537044678,834.2806239728
813.6880537044678,836.3551772248338
813.6880537044678,824.7020005530903
813.6880537044678,826.8024807351154
813.6880537044678,839.3837755232638
813.6880537044678,837.4077635100114
813.6880537044678,824.4184849805712
813.6880537044678,826.25065389556
813.6880537044678,824.8554240961846
813.6880537044678,824.1145111067649
813.6880537044678,823.4271234009574
813.6880537044678,825.9947941990814
813.6880537044678,823.6809417059823
813.6880537044678,828.2388046566971
813.6880537044678,823.7429188733884
813.6880537044678,822.2972484810687
813.6880537044678,832.4989702709496
813.6880537044678,829.8390445707927

Best solution fitness: 813.6880537044678 Best Chromosome: [42,6,25,47,0,10,31,21,1,3,12,41,39,18,40,43,44,46,5,23,24,13,22,17,16,50,29,38,9,37,14,36,11,4,20,33,48,8,15,26,45,30,27,34,7,19,35,2,49,28,32]