POPSize: 250
Generations: 250
Tournament Selection amount: 4
CrossoverRate: 85
type Of Crossover (1 is UOXwBM 2 is one point): 1
Mutation rate: 2
Number of chromosomes carried over due to Elitism: 5
Seed: 133

130.85306730505107,175.81399359114909
113.2629553495039,173.5202068376707
113.2629553495039,172.68348843286412
110.49840679441748,172.0204083298636
110.49840679441748,170.17646019779122
110.49840679441748,167.13473395357084
110.49840679441748,164.5402369399485
110.49840679441748,164.47937509502353
110.49840679441748,165.65200824516828
110.49840679441748,164.6047955010761
110.49840679441748,165.24119422064663
110.49840679441748,163.26065814834251
104.52106377071871,160.94950686220676
104.52106377071871,161.50028637123808
104.52106377071871,161.9965390798996
104.52106377071871,158.1908371933423
104.52106377071871,158.99757819428558
104.52106377071871,159.28675761528737
104.52106377071871,157.8033268426979
104.52106377071871,157.83020519198223
104.52106377071871,159.7075085900805
104.52106377071871,159.10083213136915
104.52106377071871,159.45776925933254
104.52106377071871,159.05886147549575
104.52106377071871,157.73109130048186
104.52106377071871,157.88967869815176
104.52106377071871,159.15716401201627
104.52106377071871,158.93258457092858
104.52106377071871,156.3946795446743
104.52106377071871,156.95894362183606
104.43269617379244,156.54707833017736
104.43269617379244,157.4572040497032
104.43269617379244,156.88870392988693
104.43269617379244,157.26677053509846
104.43269617379244,159.73605256524476
104.43269617379244,162.03263906527252
104.43269617379244,157.88333730895297
104.43269617379244,157.68054599757775
101.79868928349326,157.00721745290434
101.79868928349326,155.90850856440986
101.79868928349326,153.67542328736533
101.79868928349326,152.38500910308315
101.79868928349326,152.31705810954284
101.79868928349326,148.11797088453343
101.79868928349326,148.48085887070863
101.79868928349326,144.92804937549306
101.79868928349326,145.12883555257608
101.79868928349326,145.20900455641626
101.79868928349326,148.15465404545523
98.6658739038314,146.10863222121253
98.6658739038314,146.34381121157273
98.6658739038314,147.29046650603095
98.6658739038314,146.23751640716202
97.90064324419399,144.86831088273894
97.90064324419399,145.99969813113717
97.90064324419399,144.75802899539028
97.90064324419399,143.67992847806931
97.90064324419399,141.85002508641685
96.28058985808677,141.86505050716892
96.28058985808677,140.09633295497528
93.40655486091431,141.60716439538933
93.40655486091431,142.18279336953063
93.40655486091431,141.45433776337364
93.40655486091431,144.31250261207163
93.40655486091431,143.26384518573067
93.40655486091431,144.48326937176887
93.40655486091431,142.99977743117472
93.40655486091431,142.76999094803634
93.40655486091431,141.89650722640928
88.8168434695342,142.6588344425428
88.8168434695342,141.61195875633427
88.8168434695342,139.43648795583061
88.8168434695342,139.35597851299397
88.8168434695342,139.64001131505964
88.8168434695342,139.82919107943806
88.8168434695342,139.6159187771172
88.8168434695342,138.5502774718348
88.8168434695342,137.85609789783646
88.8168434695342,138.48069312252073
88.8168434695342,138.77138854010923
88.8168434695342,139.72942329590344
86.56006786147069,136.69824690052454
86.56006786147069,136.31666561515834
83.99975175885281,135.4837642072235
83.99975175885281,136.49633451536374
83.99975175885281,135.6645448626105
83.99975175885281,134.20032662819472
83.99975175885281,133.0218535265419
83.99975175885281,129.4177327072434
83.99975175885281,128.6308589853372
83.99975175885281,128.3942962466113
83.99975175885281,127.1635580782029
80.0937021635935,125.22593335627906
77.75518150938841,123.75240463114231
77.75518150938841,120.5960208624584
77.75518150938841,119.58639064008311
77.75518150938841,119.59304965083012
77.75518150938841,120.48911716301257
77.75518150938841,120.75725249330051
77.75518150938841,117.492539432209
77.08218851794975,114.24264394190712
77.08218851794975,110.43544018445925
75.72686226820589,110.79881012133566
75.72686226820589,108.3666953442745
75.72686226820589,105.55492703991351
74.9852558258532,101.98512819730176
74.9852558258532,100.3667780738458
74.9852558258532,99.33481430607458
74.9852558258532,98.86106431250145
74.90950094214165,97.709939873487
74.90950094214165,95.85786409930628
74.90950094214165,94.04536154944195
74.76105694021958,92.30164326180396
74.76105694021958,91.4264688392998
74.76105694021958,89.58295619750886
74.76105694021958,89.08858752105756
74.76105694021958,89.25775508235724
74.76105694021958,89.0564678832719
74.76105694021958,90.68380033858348
74.58788237094414,90.12669635102482
74.58788237094414,90.42901761805766
74.58788237094414,87.48069683387882
74.58788237094414,87.36779833612927
74.58788237094414,86.4840549324675
74.58788237094414,84.69383489256944
74.58788237094414,85.29247427422293
74.58788237094414,82.2721345913178
74.58788237094414,80.81726363903987
74.58788237094414,80.14389436459756
74.58788237094414,79.31062298674432
74.58788237094414,78.00042955284054
74.58788237094414,76.82284596559346
74.58788237094414,77.02880742841877
74.3388032145263,76.00627585254922
74.3388032145263,76.00377722607581
74.3388032145263,76.25642209119832
74.3388032145263,76.87350356957714
74.3388032145263,77.74044711616608
74.3388032145263,78.56719119912565
74.3388032145263,78.72274178172027
74.3388032145263,78.66562738163006
74.3388032145263,77.15148021115479
74.3388032145263,78.51149489437567
74.3388032145263,79.26890654810539
74.3388032145263,78.93010132823329
74.3388032145263,77.37340896408176
74.02073043358554,78.18424247249972
74.02073043358554,77.34595841312877
74.02073043358554,76.65792520389438
74.02073043358554,75.77507871275132
74.02073043358554,77.05973705532186
74.02073043358554,76.28716405916171
74.02073043358554,77.1278240144637
74.02073043358554,77.3933224715572
74.02073043358554,80.31051811913468
74.02073043358554,80.46424293945583
74.02073043358554,79.86465525386107
74.02073043358554,78.56686404806344
74.02073043358554,76.60080325980138
74.02073043358554,76.57254113304205
74.02073043358554,77.94206246721988
74.02073043358554,79.3084899531706
74.02073043358554,77.95487387407657
74.02073043358554,77.7113962053073
74.02073043358554,76.63453470010622
74.02073043358554,76.05012509653275
74.02073043358554,75.66678785811854
74.02073043358554,76.08188213155857
74.02073043358554,76.36778034710336
74.02073043358554,75.79119682897853
74.02073043358554,75.12157409119612
74.02073043358554,75.74126825912754
74.02073043358554,76.47186174611393
74.02073043358554,76.42027813864989
74.02073043358554,75.83673530866348
74.02073043358554,75.74319403604491
74.02073043358554,75.37798477277691
74.02073043358554,75.94820215781826
74.02073043358554,75.59702558193334
74.02073043358554,75.88628642091145
74.02073043358554,76.20750924712837
74.02073043358554,76.19080102917009
74.02073043358554,77.18666482209781
74.02073043358554,77.96217552226581
74.02073043358554,76.96294327045125
74.02073043358554,75.93278529265719
74.02073043358554,75.4978509764408
74.02073043358554,75.3447514713055
74.02073043358554,75.28561749303184
74.02073043358554,75.94111326555634
74.02073043358554,75.46477052042543
74.02073043358554,75.33530307280189
74.02073043358554,75.85721406762741
74.02073043358554,76.85816103497072
74.02073043358554,77.47399951490766
74.02073043358554,77.64683145749704
74.02073043358554,77.73918754945726
74.02073043358554,77.81839853166943
74.02073043358554,77.83056280101032
74.02073043358554,77.29119099665456
74.02073043358554,78.51200388808665
74.02073043358554,77.44409965365047
74.02073043358554,77.2794554575671
73.29962926764435,76.6724677124013
71.86522831859587,75.44614276307901
71.86522831859587,75.66252186079652
71.86522831859587,74.98615892388754
71.86522831859587,76.45093219584679
69.22154339674478,77.34425573235251
69.22154339674478,77.79371199558159
69.22154339674478,76.76132551135231
69.22154339674478,77.21532627586639
69.22154339674478,74.9795718971864
69.22154339674478,75.36610178743351
69.22154339674478,76.6094497684727
69.22154339674478,75.81853010181983
69.22154339674478,73.47003203155924
69.22154339674478,72.72078708339534
69.22154339674478,71.17360919044789
69.22154339674478,71.97775123741343
69.22154339674478,71.4098896928429
69.22154339674478,74.44079897564852
69.22154339674478,73.07630284835783
69.22154339674478,73.97300687053294
69.22154339674478,73.29054319664526
69.22154339674478,71.52171468905614
69.22154339674478,72.6888806171385
69.22154339674478,70.9302001178717
69.22154339674478,70.43859623342888
69.22154339674478,70.93989520045946
69.22154339674478,70.5725384821321
69.22154339674478,70.88632975297624
69.22154339674478,71.58704223773654
69.22154339674478,71.09578090227713
69.22154339674478,70.24315352874478
69.22154339674478,70.10770972111096
69.22154339674478,70.34657629239436
69.22154339674478,70.75102767582237
69.22154339674478,73.00846992780657
69.22154339674478,74.02649874613954
69.22154339674478,72.33076545760811
69.22154339674478,71.21701620515013
69.22154339674478,72.15354196653423
69.22154339674478,72.17994541934107
69.22154339674478,73.88694423927987
69.22154339674478,73.22527803880897
69.22154339674478,72.77231974338139
69.22154339674478,72.75699513661482
69.22154339674478,73.3322989053333
69.22154339674478,71.93062013391003

Best solution fitness: 69.22154339674478 Best Chromosome: [4,14,0,7,17,3,16,2,1,21,15,18,9,20,6,5,13,12,11,19,8,10]