POPSize: 250
Generations: 250
Tournament Selection amount: 4
CrossoverRate: 90
type Of Crossover (1 is UOXwBM 2 is one point): 1
Mutation rate: 10
Number of chromosomes carried over due to Elitism: 5
Seed: 103

122.07894509596021,175.427382556554
122.07894509596021,172.38117172695607
121.09167037184862,170.81576421054385
121.09167037184862,169.50186672610454
121.09167037184862,169.33785540405893
120.56106560330753,170.5420572092804
107.41813030378918,167.66712124660225
107.41813030378918,166.54118710030096
107.41813030378918,166.32813385955916
107.41813030378918,165.44960715458836
107.41813030378918,163.6479936503056
107.41813030378918,161.9541584443479
103.84395053127825,158.70448364778701
103.84395053127825,157.25264161533016
103.84395053127825,157.49994623752056
103.84395053127825,156.49047677570215
103.84395053127825,158.58247723389638
103.84395053127825,158.63058252352292
103.84395053127825,157.47415482396903
103.84395053127825,155.05227589153287
103.84395053127825,154.46783174767515
103.84395053127825,154.7741638558602
103.84395053127825,154.36923203546854
103.84395053127825,153.62407890680134
103.84395053127825,152.94495728676333
91.82867029545537,150.60122757985616
91.82867029545537,150.7559695455907
91.82867029545537,152.07889622168665
91.82867029545537,150.17146959786731
91.82867029545537,150.0761694872823
91.72430098385432,148.57238590037431
91.72430098385432,150.19397390411245
91.72430098385432,150.9676067537128
91.72430098385432,148.94720647492466
91.72430098385432,148.9294723273975
91.72430098385432,148.3228681451731
91.72430098385432,147.81508557191924
91.72430098385432,146.7963966709995
91.72430098385432,147.2791283332504
91.72430098385432,146.32670267245848
91.72430098385432,145.830936343334
91.72430098385432,144.12190539396482
88.24999981789554,144.76386535124328
88.24999981789554,142.78644555510994
88.24999981789554,143.8000704424675
88.24999981789554,143.1647827045369
88.24999981789554,143.04712344183005
88.24999981789554,144.42526394054616
88.24999981789554,144.34955193585054
88.24999981789554,143.74294511697065
86.7566734715117,144.46304593622628
86.7566734715117,141.84314776614897
86.7566734715117,143.2777373147386
86.7566734715117,143.3464782372973
86.7566734715117,143.0270625195024
86.7566734715117,143.7717824439057
86.7566734715117,144.9939844271461
86.7566734715117,144.4344859089878
86.7566734715117,144.0515568107443
83.32505701360257,143.6194411657734
83.32505701360257,144.62314972604707
83.32505701360257,144.84086398794153
83.32505701360257,143.35385534147608
83.32505701360257,140.4787964123022
83.32505701360257,139.5171512437978
83.32505701360257,139.1364154864108
83.32505701360257,139.67653878833383
83.32505701360257,140.67334369014984
83.32505701360257,139.5930035699953
83.32505701360257,141.40216664563872
83.32505701360257,140.7235807692509
83.32505701360257,139.2456279465728
77.96002018715323,139.07981663749294
75.80902088211467,136.87800426400938
75.80902088211467,138.75532100455942
75.80902088211467,137.12392094966745
75.80902088211467,135.4331418527871
75.80902088211467,134.34204507221946
74.6619546178383,134.62624791390542
74.6619546178383,133.02126974463945
73.47466692560371,131.01944085742997
73.47466692560371,129.75903240286559
73.47466692560371,128.55296080443304
73.47466692560371,128.20965019984587
73.47466692560371,127.2234712534355
73.47466692560371,125.43322061054847
71.31543976846459,123.4241550061045
71.31543976846459,122.22973790657782
71.31543976846459,124.0626781744496
71.31543976846459,123.42223429046017
71.31543976846459,123.70502230907513
71.05174344839041,121.19801418254937
71.05174344839041,119.75381896797298
71.05174344839041,119.82958870393753
71.05174344839041,120.08277019788895
71.05174344839041,116.77021342018557
71.05174344839041,116.70670462563747
71.05174344839041,115.5858477722577
69.81115540636091,112.01563630933296
69.81115540636091,110.09475673236196
69.38037029495665,107.91793812045543
69.38037029495665,102.33415080449937
69.38037029495665,99.1780217069515
67.90050455284398,95.60819369459637
67.90050455284398,94.19345865292547
67.90050455284398,93.07756479045085
67.90050455284398,92.84800294746572
67.90050455284398,90.66482725698286
67.90050455284398,88.39013278527315
67.90050455284398,89.47228628690043
67.90050455284398,87.35749674856659
67.90050455284398,87.39456851234647
67.90050455284398,89.73717751159111
67.90050455284398,90.88499994671645
67.90050455284398,91.86305919112925
67.90050455284398,94.15753695484605
67.90050455284398,93.22693374191685
67.90050455284398,94.8507936639208
67.90050455284398,93.94425327622828
67.1447700980458,92.07731556233989
67.1447700980458,93.11753600521196
67.1447700980458,94.07406475788933
67.1447700980458,89.5877592297302
67.1447700980458,87.19309297028013
67.1447700980458,86.12620344620788
67.1447700980458,85.29228262661975
67.1447700980458,87.472247835942
67.1447700980458,91.25937848576258
67.1447700980458,94.97670838776911
67.1447700980458,91.85359607949204
67.1447700980458,92.13854360759736
67.1447700980458,92.03631589786451
67.1447700980458,88.44553953454825
67.1447700980458,85.87397934616816
67.1447700980458,87.21539972224889
66.86075621970687,86.16104213714523
66.86075621970687,84.63060919416432
66.86075621970687,86.14768509114502
66.86075621970687,85.56352700437012
66.86075621970687,87.5369021411284
66.86075621970687,88.22072527988888
66.86075621970687,85.17698320137124
66.86075621970687,87.74324124271877
66.86075621970687,84.8278716489538
66.86075621970687,84.75772189467361
66.86075621970687,85.32977187316597
66.86075621970687,81.6692560327611
66.86075621970687,84.06470703894709
66.86075621970687,84.62292537528185
66.86075621970687,84.15167963427778
66.86075621970687,82.8142590358403
66.86075621970687,82.33445656281694
65.82368970724097,80.99704507265756
65.82368970724097,79.83611724735432
65.82368970724097,79.38491476701205
65.82368970724097,77.4338294523172
65.82368970724097,78.38576505956483
65.82368970724097,81.08788129055895
65.82368970724097,80.64578752874993
65.24352628980614,83.92883344811065
65.24352628980614,83.24880460956327
65.24352628980614,80.95573870827045
65.24352628980614,83.551070410074
65.24352628980614,84.26530588574833
65.24352628980614,85.10890675918156
65.24352628980614,85.81071956563326
65.24352628980614,87.53792935490702
65.24352628980614,82.46294718785305
65.24352628980614,82.13978675988534
65.24352628980614,81.6174080699331
65.24352628980614,79.86284987357193
65.24352628980614,81.26938336992285
65.24352628980614,77.00140983630011
65.24352628980614,80.63550964543286
65.24352628980614,75.90951769403517
65.24352628980614,76.82474181915138
65.24352628980614,77.35149134506453
65.24352628980614,76.28958422687504
65.24352628980614,77.61300711449414
65.24352628980614,77.40184094850959
65.24352628980614,79.50312910826626
65.24352628980614,80.07347443202976
65.24352628980614,81.43414655986237
65.24352628980614,83.71615357194074
65.24352628980614,82.6112045393716
65.24352628980614,83.06395799485689
65.24352628980614,81.58315310185556
65.24352628980614,81.12806126253724
65.24352628980614,82.0426218856299
65.24352628980614,81.43155473563355
65.24352628980614,83.70603604666496
65.24352628980614,82.15414736140445
65.24352628980614,81.04668460473826
65.24352628980614,78.45800437730836
65.24352628980614,79.1584373391195
65.24352628980614,75.38058467166942
65.24352628980614,75.36950627926473
65.24352628980614,75.50605259540356
64.73963402264047,75.24543243319863
64.73963402264047,75.57804647087542
64.73963402264047,77.96412868058586
64.73963402264047,80.45452395451774
64.73963402264047,79.84204741846052
64.73963402264047,82.9260990820479
64.73963402264047,82.1015326568676
64.73963402264047,82.52777480156774
64.73963402264047,83.19027839613511
64.73963402264047,83.02374491459022
64.73963402264047,81.74760187706688
64.73963402264047,80.4368735776909
64.73963402264047,81.17782264147236
64.73963402264047,85.00121833068904
64.73963402264047,84.89789870401331
64.47773122761818,82.4943889396475
64.47773122761818,82.15419941792983
64.47773122761818,80.9242457478732
64.47773122761818,77.94996211986374
64.47773122761818,79.2123597375932
64.47773122761818,76.46130032336833
64.47773122761818,76.48467290677124
64.47773122761818,76.29934389231558
64.47773122761818,76.83441432161725
64.47773122761818,77.69353315604863
64.47773122761818,77.40759309242114
64.47773122761818,77.07890733750521
64.47773122761818,76.41289201415307
64.47773122761818,75.72804989329443
64.47773122761818,80.1118088707817
64.47773122761818,78.05349939950422
64.47773122761818,81.09614655580704
64.47773122761818,78.64628904414948
64.47773122761818,80.12361692069264
64.47773122761818,80.80343700391354
64.47773122761818,82.97913099287278
64.47773122761818,80.16835479653936
64.47773122761818,80.18871673693224
64.47773122761818,81.85271380511773
64.47773122761818,83.92256941036311
64.47773122761818,85.00132509054427
64.47773122761818,81.84160495583005
64.47773122761818,80.15007117730096
64.41418619057771,77.3630380913825
64.41418619057771,74.90034413155688
64.41418619057771,79.36768918995973
64.41418619057771,80.04065306923356
64.41418619057771,80.5168152959179
64.41418619057771,82.53708128382031
64.41418619057771,78.95953668900957
64.41418619057771,79.95840444344475
64.41418619057771,80.5791234059467

Best solution fitness: 64.41418619057771 Best Chromosome: [4,14,5,6,19,11,12,13,15,2,1,16,3,17,21,7,0,20,18,9,8,10]