POPSize: 250
Generations: 250
Tournament Selection amount: 4
CrossoverRate: 85
type Of Crossover (1 is UOXwBM 2 is one point): 1
Mutation rate: 2
Number of chromosomes carried over due to Elitism: 10
Seed: 296

1439.9679691792546,1631.9694623969924
1348.2209608580165,1619.8057438303704
1348.2209608580165,1613.0460459722337
1348.2209608580165,1615.1832389236652
1348.2209608580165,1590.8365504470032
1348.2209608580165,1597.8718510477895
1348.2209608580165,1599.3093777276144
1348.2209608580165,1598.1115921213839
1334.1643263825374,1585.6074095686952
1334.1643263825374,1580.8253777728137
1334.1643263825374,1583.5798355810116
1334.1643263825374,1576.6233927538835
1314.631101841524,1571.8863840314157
1314.631101841524,1565.1079971500749
1314.631101841524,1569.5286065245293
1281.5139361999948,1567.2899923024595
1274.530189499297,1576.7024993129437
1274.530189499297,1574.4428041211354
1274.530189499297,1568.0462946998064
1274.530189499297,1563.3208986038699
1254.7418382724295,1566.0608652969565
1254.7418382724295,1562.4380960036237
1254.7418382724295,1552.7466933365354
1254.7418382724295,1554.8673903910503
1254.7418382724295,1553.2737581472456
1254.7418382724295,1562.4694669601147
1254.7418382724295,1556.2738938728544
1251.0702979079706,1543.3319185123269
1251.0702979079706,1553.0486091738683
1251.0702979079706,1549.3071035434286
1251.0702979079706,1549.3865887430197
1251.0702979079706,1541.3858816626116
1251.0702979079706,1542.010022825819
1251.0702979079706,1529.0555602038837
1251.0702979079706,1534.0185633989477
1251.0702979079706,1530.2680256695423
1239.4879946441729,1534.1804682269656
1239.4879946441729,1521.5457811209742
1239.4879946441729,1519.477221104574
1171.7288943498454,1511.8696332798463
1171.7288943498454,1510.6999680597999
1171.7288943498454,1516.075366537268
1171.7288943498454,1518.9374416328037
1171.7288943498454,1521.9000554721272
1171.7288943498454,1529.7141914412107
1171.7288943498454,1536.3610028053336
1171.7288943498454,1539.6689070730415
1171.7288943498454,1536.3076435630226
1171.7288943498454,1534.5621374931752
1171.7288943498454,1546.438591820218
1171.7288943498454,1549.1255877321014
1171.7288943498454,1534.4947796451147
1171.7288943498454,1529.6904226815266
1171.7288943498454,1530.3593682706662
1171.7288943498454,1516.9745117359564
1171.7288943498454,1507.3180941414794
1159.5928125820026,1503.3059571116187
1159.5928125820026,1494.1863332629569
1159.5928125820026,1478.4418004964168
1159.5928125820026,1467.6307443168337
1159.5928125820026,1470.8835943715237
1159.5928125820026,1459.7402298401132
1159.5928125820026,1448.706095114349
1159.5928125820026,1442.9093005511643
1159.5928125820026,1434.0829249915603
1159.5928125820026,1405.1686088364202
1159.5928125820026,1398.6503215066361
1149.3219195269862,1393.7262072584667
1107.2285573515885,1390.5839631095948
1107.2285573515885,1381.751361724486
1107.2285573515885,1389.0897271295546
1107.2285573515885,1370.9130977802818
1107.2285573515885,1373.5004809824443
1107.2285573515885,1368.0574948317903
1107.2285573515885,1369.1012410192045
1107.2285573515885,1371.2852824425836
1107.2285573515885,1358.581920711584
1107.2285573515885,1351.9217270238437
1104.8360309928153,1350.338331000937
1104.8360309928153,1340.7002850208225
1104.8360309928153,1352.4040523244728
1055.2545812770195,1331.9391612005231
1055.2545812770195,1316.4772564277628
1055.2545812770195,1302.546741998309
1055.2545812770195,1289.2987611377312
1055.2545812770195,1287.0155342240414
1055.2545812770195,1275.9814822375236
1033.2731811078024,1265.5812735303277
1033.2731811078024,1261.3253229623137
1033.2731811078024,1245.823463239783
1033.2731811078024,1241.7781280474296
1033.2731811078024,1240.9084177393966
1008.4452824486335,1232.0323128484624
1008.4452824486335,1219.0097006977205
1008.4452824486335,1203.9871474113606
1008.4452824486335,1194.6950019368935
1001.8025555072117,1178.5003453847612
998.2587692048252,1170.4731724928724
983.2243944999583,1165.675069161744
983.2243944999583,1180.3359549938098
983.2243944999583,1175.5987075276257
983.2243944999583,1161.7203345701266
976.3310138284882,1148.922984080891
976.3310138284882,1137.4915271530863
976.3310138284882,1134.7583555398196
976.3310138284882,1141.0738418330716
976.3310138284882,1134.8014178404198
970.7279369572433,1135.788387148076
970.7279369572433,1138.754580230806
970.7279369572433,1131.3709953005666
970.7279369572433,1119.483288827832
967.6605906653691,1115.9234469552869
967.6605906653691,1099.8213866197532
967.6605906653691,1096.2421084235489
963.6250151471719,1075.2624956624784
963.6250151471719,1070.8729497638778
962.6223744831137,1066.84947903817
962.6223744831137,1062.9860436590232
962.6223744831137,1054.8276906933575
958.5867989649165,1051.4685222743014
958.5867989649165,1038.6915326200003
958.5867989649165,1040.5219947296323
958.5867989649165,1042.0412290085935
955.5194526730423,1058.636370709867
955.5194526730423,1064.0408634191351
955.5194526730423,1040.387248881006
948.6356969283557,1032.9798708427631
948.6356969283557,1035.7586516707565
948.6356969283557,1030.3638456938418
941.5327751182843,1002.7185032982779
941.5327751182843,995.711865729627
937.7437966387648,986.9008469537035
937.7437966387648,985.4810317165654
937.7437966387648,986.8954775472232
937.7437966387648,979.6905476328085
937.7437966387648,975.2690653653596
937.7437966387648,982.6029117762835
937.7437966387648,983.2504742367204
937.7437966387648,983.5465429443877
937.7437966387648,986.3116831751109
937.7437966387648,975.2933591471096
937.7437966387648,977.9738180232753
937.7437966387648,970.0797865785587
937.7437966387648,970.7712504989
937.7437966387648,957.1247259888621
937.7437966387648,955.3421846092941
937.7437966387648,963.5523000424661
937.7437966387648,958.6343232658112
937.7437966387648,957.6279029334739
937.7437966387648,977.9234110166283
937.7437966387648,968.8542444938912
937.7437966387648,984.1076090702475
937.7437966387648,962.3227709263836
937.7437966387648,962.2353055270977
937.7437966387648,959.960813682984
937.7437966387648,967.0114630740703
937.7437966387648,968.955136388171
937.7437966387648,967.1143330555824
937.7437966387648,961.9295170766062
937.7437966387648,958.447628113853
937.7437966387648,968.4897494916785
937.7437966387648,957.7009462206715
937.7437966387648,966.6088657138474
937.7437966387648,956.2270317532584
937.7437966387648,957.249536838972
933.5103154010254,981.0103666957029
933.5103154010254,984.0849244827444
933.5103154010254,988.9901077573845
933.5103154010254,977.7418231780123
933.5103154010254,961.8640370659342
933.5103154010254,972.2064981453733
933.5103154010254,974.175781922449
933.5103154010254,977.8032655686956
933.5103154010254,975.5824330982311
933.5103154010254,965.3101662090006
933.5103154010254,969.1737965599832
933.5103154010254,970.204747249106
933.5103154010254,975.7355226635466
933.5103154010254,974.3149440713089
933.5103154010254,959.9103126087236
933.5103154010254,959.9058215308685
933.5103154010254,956.6557686800475
933.5103154010254,960.6587619656794
930.3281674197511,957.2076872838397
930.3281674197511,971.4192136403935
930.3281674197511,965.0972990834886
930.3281674197511,976.878924860743
930.3281674197511,984.1039909245105
930.3281674197511,965.4106181776936
927.0981728724497,958.1661303272597
925.9218277312037,955.5334323030443
925.9218277312037,954.0516924138237
925.9218277312037,960.7155089603832
925.9218277312037,977.0712206670341
925.9218277312037,961.1008915519583
925.9218277312037,966.7052601841007
925.9218277312037,967.5299213715078
925.9218277312037,962.2360287867999
925.9218277312037,959.9234359615729
925.9218277312037,973.079303642512
925.9218277312037,961.4130041218667
925.9218277312037,952.6511663177865
925.9218277312037,940.6430192920631
925.9218277312037,955.8533648674581
925.9218277312037,971.1592011644489
925.9218277312037,964.4618977706706
925.9218277312037,971.0344242853078
925.9218277312037,967.2327125390347
925.9218277312037,960.2606724024884
925.9218277312037,946.8230557443254
925.9218277312037,936.8243343884883
925.9218277312037,941.6813591796197
925.9218277312037,941.4243290097467
925.9218277312037,950.02821969273
925.9218277312037,958.6703293993397
925.9218277312037,959.4609273509128
925.9218277312037,946.5198634528696
925.9218277312037,957.1708803088983
925.9218277312037,950.6051072883195
925.9218277312037,943.3032188512996
925.9218277312037,945.8015582270142
925.9218277312037,951.9132326965448
925.9218277312037,983.0938022617192
925.9218277312037,975.251299717813
925.9218277312037,971.4708411813248
925.9218277312037,970.6668778518232
925.9218277312037,962.834511673992
925.9218277312037,948.3432790102111
925.9218277312037,949.6939436069674
925.9218277312037,947.8297672078669
925.9218277312037,946.9869181304389
925.9218277312037,957.7325696090926
925.9218277312037,943.3184292463216
925.9218277312037,942.2774292414011
925.9218277312037,950.3109246567486
925.9218277312037,950.579095249378
925.9218277312037,965.5674155647326
925.9218277312037,966.406607614
925.9218277312037,962.641934813885
925.9218277312037,961.9332466744372
925.9218277312037,963.7670936261346
925.9218277312037,972.2783220625171
925.9218277312037,975.5276828746228
900.8050077110739,981.055567454149
900.8050077110739,956.038307300384
900.8050077110739,950.0449973097681
900.8050077110739,957.7843968233577
900.8050077110739,954.6139591687631
895.6489208699477,959.9885455018261
895.6489208699477,952.8934566523795

Best solution fitness: 895.6489208699477 Best Chromosome: [18,41,46,17,12,13,5,7,30,19,2,15,10,21,27,28,48,14,43,32,44,36,29,1,8,9,49,4,37,45,39,40,3,50,23,47,34,35,33,38,20,31,0,26,25,42,24,11,16,6,22]