POPSize: 250
Generations: 250
Tournament Selection amount: 4
CrossoverRate: 85
type Of Crossover (1 is UOXwBM 2 is one point): 1
Mutation rate: 2
Number of chromosomes carried over due to Elitism: 1
Seed: 132

126.94340565110403,175.32231059130606
126.44629938015667,172.4066739967307
120.19815777439507,173.45886946255115
120.19815777439507,170.4284240520717
120.19815777439507,170.21829022938869
120.19815777439507,168.91452143048662
120.19815777439507,167.89034454931502
118.38566724142869,167.00444444219863
113.84276930696883,168.25876903143222
111.14528198246933,165.65509752375365
108.92364646109822,165.7527163553343
108.92364646109822,163.80729102240605
108.92364646109822,162.98812746240108
108.92364646109822,161.9721797980029
108.92364646109822,162.63979969264673
108.92364646109822,161.95533233520453
99.75044529328298,157.74238723267152
99.75044529328298,159.36732019735072
99.75044529328298,157.88785465082066
99.75044529328298,154.5552973288685
99.75044529328298,154.51751917459447
99.75044529328298,155.2772770092704
99.75044529328298,154.67041807494633
99.75044529328298,154.8483994124159
99.75044529328298,152.39976448362032
99.75044529328298,153.12209750496035
99.75044529328298,153.84494487343196
99.75044529328298,154.09986045835745
99.75044529328298,152.7769602498662
99.75044529328298,151.58132909321418
99.75044529328298,150.89316693289226
99.75044529328298,151.84496697040996
99.75044529328298,151.8537842590258
99.75044529328298,151.95849024236182
99.75044529328298,152.23331184261025
99.75044529328298,152.45704096812963
99.75044529328298,152.71401925316547
99.75044529328298,151.9747377068508
99.75044529328298,150.84556717423166
99.75044529328298,152.0285569719852
99.75044529328298,150.9184651811518
99.75044529328298,153.3061176280937
99.75044529328298,152.59926257070666
99.75044529328298,151.74636976297805
99.75044529328298,151.33168662682084
99.75044529328298,147.94318636141486
99.75044529328298,149.58662037384718
99.75044529328298,149.80685238791264
99.75044529328298,147.45633578913166
98.43313787088809,147.56333756786898
98.43313787088809,147.87575047526317
98.43313787088809,147.92545004602417
98.43313787088809,146.22258197359022
98.43313787088809,145.93060238325592
98.43313787088809,146.9806174399855
98.43313787088809,146.8467768209468
98.43313787088809,145.88777189621072
98.43313787088809,147.67305456193913
98.43313787088809,144.71590568895385
98.43313787088809,144.45260772259627
98.43313787088809,144.40363421036523
98.43313787088809,145.23774055321584
98.43313787088809,145.10257297883152
98.43313787088809,142.83694014185784
97.94058543112388,145.21464308835579
97.94058543112388,145.358697877871
97.94058543112388,144.51343369592257
97.94058543112388,145.1752974237793
92.81153399354599,142.87462061149233
92.81153399354599,144.13262918994445
92.81153399354599,144.1804792506053
92.81153399354599,142.64244299415154
92.81153399354599,141.62789509921376
92.72817538233949,143.62558059971408
92.72817538233949,142.30289915907898
92.72817538233949,144.8601018274208
92.72817538233949,144.34232753962698
92.72817538233949,145.7280384364631
92.72817538233949,144.02704884915218
92.72817538233949,145.1511352593566
92.72817538233949,143.786389016337
92.72817538233949,145.75300554490133
92.72817538233949,143.99515175357058
92.72817538233949,144.94972597984327
92.72817538233949,144.99092261643696
92.72817538233949,143.39944158770498
92.72817538233949,143.46439400460125
92.72817538233949,143.43053205199186
92.72817538233949,143.9428489898124
92.72817538233949,144.9675799478446
92.72817538233949,143.80437832803233
92.72817538233949,144.70520581335734
92.72817538233949,144.4192302484924
92.72817538233949,145.14191892559788
92.72817538233949,145.92558337378537
92.72817538233949,145.33564989426563
92.72817538233949,147.20143650689687
92.72817538233949,146.06404410071178
92.72817538233949,145.2622932892818
92.72817538233949,142.72835096351918
92.72817538233949,142.67706772739834
92.72817538233949,143.78641169720714
92.72817538233949,142.99328263453143
92.72817538233949,145.70366410973546
92.72817538233949,144.56743739640316
92.72817538233949,143.4022376663926
92.72817538233949,144.94050956903942
92.72817538233949,143.8428911608976
92.72817538233949,144.25813561896138
92.72817538233949,144.7861996227767
92.72817538233949,144.04431805955227
92.72817538233949,145.30967319032595
92.72817538233949,144.79326022035403
92.72817538233949,145.23840922008247
92.72817538233949,144.44861718630585
92.72817538233949,143.44921211902263
92.72817538233949,143.91278902095442
92.72817538233949,144.30473783071642
92.72817538233949,144.06378270265685
92.72817538233949,143.26118980433833
92.72817538233949,143.95023836063896
92.72817538233949,144.22284890593158
92.72817538233949,143.1745675730295
92.72817538233949,143.985264317167
92.72817538233949,145.3394378175318
92.72817538233949,144.729161553196
92.72817538233949,143.58811693309195
92.72817538233949,142.76491288971044
92.72817538233949,143.2192939143619
92.72817538233949,143.15496335657693
92.72817538233949,143.28014291388288
92.72817538233949,145.10582509497218
92.72817538233949,144.41392812454654
92.72817538233949,144.8550837513239
92.72817538233949,143.46034154992736
92.72817538233949,145.7716901895329
92.72817538233949,144.64364072252096
92.72817538233949,145.26616822897014
92.72817538233949,144.86842907018226
92.72817538233949,144.7339384719373
92.72817538233949,144.9554182906341
92.72817538233949,144.4978763554533
92.72817538233949,145.46872036318496
92.72817538233949,146.2045554626146
92.72817538233949,144.97253841865543
92.72817538233949,145.4961485039309
92.72817538233949,145.69059364357415
92.72817538233949,144.14190497524987
92.72817538233949,144.11875942765172
92.72817538233949,144.2458012208382
92.72817538233949,144.23989881025614
92.72817538233949,143.59492525873833
92.72817538233949,145.0991635876375
92.72817538233949,143.76646543829222
92.72817538233949,144.64548947554445
92.72817538233949,143.20434160440064
92.72817538233949,143.72775143540315
92.72817538233949,144.19832802652985
92.72817538233949,145.09603448006362
92.72817538233949,144.8384903288192
92.72817538233949,144.2106358771126
92.72817538233949,144.39024885724962
92.72817538233949,146.63040470222896
92.72817538233949,145.3087094120677
92.72817538233949,144.64138962774118
92.72817538233949,144.10673083149226
92.72817538233949,145.03154767174962
92.72817538233949,145.5338822331202
92.72817538233949,144.1492842256374
92.72817538233949,145.53120180539582
92.72817538233949,146.15489562402422
92.72817538233949,144.7294402251052
92.72817538233949,143.27346801193264
92.72817538233949,144.02151962480798
92.72817538233949,143.80516076212757
92.72817538233949,143.84653291742256
92.72817538233949,143.80235122262235
92.72817538233949,144.01519951967842
92.72817538233949,144.55519545876984
92.72817538233949,145.47105561731072
92.72817538233949,145.98997718370887
92.72817538233949,145.2843624852106
92.72817538233949,145.29429388538458
92.72817538233949,143.74297772864398
92.72817538233949,145.7068848523416
92.72817538233949,145.12750755364365
92.72817538233949,144.35345141646297
92.72817538233949,143.3465186526654
92.72817538233949,142.83013749234806
92.72817538233949,142.37813434250162
92.72817538233949,143.83300744272742
92.72817538233949,145.03027701284987
92.72817538233949,144.42345666191446
92.72817538233949,143.2385139008758
92.72817538233949,143.5167183538809
92.72817538233949,143.60704335719967
92.72817538233949,144.18219347073256
92.72817538233949,146.32839895395247
92.72817538233949,147.05976115937563
92.72817538233949,145.9542115717767
92.72817538233949,144.71825174055172
92.72817538233949,144.6077468249314
92.72817538233949,144.882628632518
92.72817538233949,144.74673751365236
92.72817538233949,145.84452785641048
92.72817538233949,145.605724565073
92.72817538233949,143.4708012124943
92.72817538233949,143.3528168679961
92.72817538233949,143.92969793082926
92.72817538233949,145.18158517176497
92.72817538233949,145.21050445273846
92.72817538233949,143.8139366050878
92.72817538233949,144.44248933247127
92.72817538233949,144.89694655919033
92.72817538233949,144.34450085395466
92.72817538233949,143.7135829676057
92.72817538233949,144.8092785153178
92.72817538233949,143.41942819903085
92.72817538233949,143.91668790166403
92.72817538233949,144.8041812461732
92.72817538233949,145.1617414614353
92.72817538233949,145.58899866280942
92.72817538233949,143.21329375715206
92.72817538233949,141.84053231845766
92.72817538233949,143.4907460442658
92.72817538233949,144.58832891968
92.72817538233949,144.35274348354355
92.72817538233949,143.12864446568318
92.72817538233949,144.6955634054493
92.72817538233949,144.8557569797875
92.72817538233949,142.0082599418974
92.72817538233949,143.23500983321728
92.72817538233949,144.52264337761738
92.72817538233949,144.2528956511807
92.72817538233949,144.35807389276297
92.72817538233949,141.2206747739988
92.72817538233949,141.8615036281872
92.72817538233949,141.05080276713508
92.72817538233949,144.43197247916197
92.72817538233949,143.04431309348107
92.72817538233949,143.39341876479577
92.72817538233949,145.17104169699067
92.72817538233949,142.7429006611979
92.72817538233949,143.13591684697346
92.72817538233949,143.73873120740944
92.72817538233949,144.7418446974235
92.72817538233949,144.0225826807693
92.72817538233949,143.46124710684816
92.72817538233949,143.6371788404464
92.72817538233949,144.10724035047872

Best solution fitness: 92.72817538233949 Best Chromosome: [3,17,7,15,12,13,20,18,14,6,4,5,9,11,0,1,21,16,2,19,8,10]