POPSize: 250
Generations: 250
Tournament Selection amount: 4
CrossoverRate: 85
type Of Crossover (1 is UOXwBM 2 is one point): 2
Mutation rate: 2
Number of chromosomes carried over due to Elitism: 5
Seed: 148

125.17690300944766,175.08845275943938
124.37044889253903,169.76639755866864
118.14951294185421,164.2166610032416
118.14951294185421,159.70138816264222
118.14951294185421,155.8976579899871
118.14951294185421,153.56026682315868
110.47877795271702,149.36189982786013
110.47877795271702,145.28319394333445
104.98689717808773,141.8342954031525
103.96541396466074,139.30896931139807
102.47934707375983,136.891028980084
99.91069303821381,133.32105658957832
94.0475943545854,127.78692045979344
94.0475943545854,125.58949436033019
88.08797277045387,122.93593871618756
88.08797277045387,118.30820716019136
86.31698523468623,115.32161069755068
86.31698523468623,111.2938229362348
84.4011672291348,107.29696569978148
84.4011672291348,101.92797332566424
84.4011672291348,97.32565288811469
83.02197800922603,94.43020112955412
83.02197800922603,91.53707689981884
83.02197800922603,89.83953694409135
82.32921139865262,88.76149569238659
82.32921139865262,88.03747804507813
82.32921139865262,86.61043646543186
82.32921139865262,85.58093987275248
82.32921139865262,85.41624353709373
82.32921139865262,86.58972751052785
82.32921139865262,86.19627766119906
82.32921139865262,84.70426003619554
82.32921139865262,84.50303873823422
82.32921139865262,84.34000341807474
82.32921139865262,84.78194600890501
82.32921139865262,85.62501385596421
82.32921139865262,84.00939121825428
82.32921139865262,84.55179731358527
82.32921139865262,84.74436783337839
82.32921139865262,84.5173476175129
82.32921139865262,83.8026598643316
82.32921139865262,83.28987003239959
82.32921139865262,83.43267336136938
82.32921139865262,83.69844808521648
82.32921139865262,84.28233080080095
82.32921139865262,84.30843578800258
82.32921139865262,83.44110190230226
82.32921139865262,83.41489024185044
82.32921139865262,83.43463657772523
82.32921139865262,84.55095632355575
82.32921139865262,84.07485811292464
82.32921139865262,85.15584430770463
82.32921139865262,85.03259931137411
82.32921139865262,84.46683366792561
82.32921139865262,84.57390024474167
82.32921139865262,84.22328375039423
82.32921139865262,84.75894979232399
82.32921139865262,84.34007820855375
82.32921139865262,84.3830150782404
82.32921139865262,84.29940180947058
82.32921139865262,83.53345632622478
82.32921139865262,83.900165242448
82.32921139865262,83.68426035732804
82.32921139865262,84.04385460598363
82.32921139865262,83.24489786604418
82.32921139865262,83.75447221431588
82.32921139865262,84.06436085234068
82.32921139865262,83.93844497236645
82.32921139865262,84.8418524659461
82.32921139865262,85.1271167743946
82.32921139865262,84.06612675503915
82.32921139865262,84.63040264318991
82.32921139865262,85.42557277251588
82.32921139865262,84.10106734841116
82.32921139865262,84.12508917860879
82.32921139865262,83.20195488216002
82.32921139865262,83.83125124248059
82.32921139865262,83.53175817211677
82.32921139865262,83.11445219246365
82.32921139865262,83.19345358062432
82.32921139865262,83.29815358904568
82.32921139865262,84.05839800419551
82.32921139865262,84.4441155357199
82.32921139865262,84.90519795332625
82.32921139865262,84.42275032437688
82.32921139865262,83.84257760784723
82.32921139865262,83.76895333447175
82.32921139865262,83.94501354159672
82.32921139865262,83.68183907774394
82.32921139865262,83.53953799139262
82.32921139865262,83.34810613826139
82.32921139865262,83.43687105183778
82.32921139865262,83.66185047277422
82.32921139865262,83.66116516551585
82.32921139865262,84.15001959741969
82.32921139865262,83.96729223137338
82.32921139865262,84.80544021298793
82.32921139865262,83.64381295535127
82.32921139865262,82.98720096183241
82.32921139865262,83.85034288547064
82.32921139865262,83.93437054937242
82.32921139865262,83.55048247146266
82.32921139865262,83.93245469344308
82.32921139865262,83.6237341523918
82.32921139865262,83.47056077960322
82.32921139865262,83.93080698565254
82.32921139865262,83.137394114275
82.32921139865262,83.39471102545478
82.32921139865262,83.32252948023036
82.32921139865262,82.84280135647921
82.32921139865262,83.4047543400736
82.32921139865262,84.04381512811347
82.32921139865262,84.25020263381111
82.32921139865262,83.3187359789897
82.32921139865262,83.08962828389843
82.32921139865262,83.48014431201162
82.32921139865262,84.07852070722869
82.32921139865262,83.68150370088657
82.32921139865262,84.28946344168983
82.32921139865262,83.67299668631246
82.32921139865262,83.71753888329081
82.32921139865262,83.42805872059091
82.32921139865262,83.38680130492871
82.32921139865262,83.45390619267909
82.32921139865262,83.31613382363824
82.32921139865262,83.97491581585814
82.32921139865262,84.20114858822838
82.32921139865262,83.96580976125675
82.32921139865262,83.88808691119469
82.32921139865262,84.10413372756922
82.32921139865262,84.05331062068726
82.32921139865262,83.79774794453178
82.32921139865262,83.45688938137398
82.32921139865262,83.00635639640157
82.32921139865262,83.4859427946528
82.32921139865262,83.86612384383658
82.32921139865262,83.50427613916747
82.32921139865262,83.66721291419641
82.32921139865262,84.5725899289411
82.32921139865262,83.8768378906081
82.32921139865262,83.52854674804422
82.32921139865262,83.95327276326624
82.32921139865262,84.18693825966619
82.32921139865262,83.54606874548924
82.32921139865262,83.54398248654446
82.32921139865262,82.9296366156905
82.32921139865262,83.79466997429112
82.32921139865262,84.74643845050349
82.32921139865262,84.40572672468652
82.32921139865262,83.89011492871371
82.32921139865262,83.40587576622808
82.32921139865262,84.02425507507843
82.32921139865262,83.54298987343195
82.32921139865262,83.47765718478487
82.32921139865262,83.46374340229998
82.32921139865262,83.40639670694729
82.32921139865262,84.20295244729394
82.32921139865262,83.99735684376735
82.32921139865262,84.30748975073448
82.32921139865262,84.34744815902926
82.32921139865262,83.77364649516932
82.32921139865262,83.63836990385546
82.32921139865262,83.41615974509158
82.32921139865262,83.7620272248801
82.32921139865262,83.51187844639558
82.32921139865262,83.53668379094464
82.32921139865262,83.84536787831676
82.32921139865262,83.74568956799354
82.32921139865262,84.9615851350669
82.32921139865262,84.18971646363192
82.32921139865262,84.13236789088107
82.32921139865262,83.80317101264545
82.32921139865262,85.10444355498007
82.32921139865262,83.73436064125968
82.32921139865262,84.06197100964954
82.32921139865262,84.02931719887731
82.32921139865262,83.94261044481851
82.32921139865262,83.18991167849218
82.32921139865262,83.8693296303999
82.32921139865262,83.69255517298652
82.32921139865262,83.5771989215913
82.32921139865262,83.87345773312099
82.32921139865262,83.90587814706717
82.32921139865262,83.12177306221294
82.32921139865262,83.80065069770971
82.32921139865262,83.44193805548721
82.32921139865262,84.0383343893538
82.32921139865262,84.00714894421115
82.32921139865262,83.92659765188058
82.32921139865262,83.05367545278749
82.32921139865262,83.70806788481045
82.32921139865262,84.31248812193459
82.32921139865262,84.00823832520985
82.32921139865262,83.91861456058658
82.32921139865262,83.8509171944516
82.32921139865262,84.08566025045195
82.32921139865262,83.44214137574552
82.32921139865262,83.74415202586142
82.32921139865262,84.30982150615816
82.32921139865262,83.83495780285315
82.32921139865262,83.73690948065337
82.32921139865262,83.3531118606117
82.32921139865262,83.02233823148148
82.32921139865262,83.40402324050342
82.32921139865262,83.46530544880854
82.32921139865262,83.3506765883174
82.32921139865262,83.90077076405555
82.32921139865262,84.12351373308418
82.32921139865262,83.24043933143517
82.32921139865262,83.71465277278296
81.48911445199823,83.93566390343764
81.48911445199823,83.95306474373717
81.48911445199823,84.23473460271877
81.48911445199823,83.74588120706099
81.48911445199823,83.93232660037039
81.48911445199823,83.88130662670946
81.48911445199823,84.25454705964245
81.48911445199823,83.78385185337076
81.48911445199823,83.16370641950513
81.48911445199823,82.94118521458897
81.48911445199823,82.85344422018042
81.48911445199823,83.737646623204
81.48911445199823,82.6247858083266
81.48911445199823,82.41096995015937
81.48911445199823,82.69620480713263
81.48911445199823,82.51836272914485
81.48911445199823,82.70237737666312
81.48911445199823,82.86434768370623
79.40882223589205,83.01980540980998
79.40882223589205,82.59271825136899
79.40882223589205,82.22165899641696
79.40882223589205,82.50924943210886
79.40882223589205,83.16259931250475
79.40882223589205,82.6226482692237
79.40882223589205,83.07135993875441
79.40882223589205,82.98387665225673
79.40882223589205,82.36970157358142
79.40882223589205,81.99325048590035
79.40882223589205,82.37126122999511
79.40882223589205,80.97764348904859
79.40882223589205,81.4661867738967
79.40882223589205,81.46994462787455
79.40882223589205,81.7865439311113
79.40882223589205,81.37566662131947
79.40882223589205,81.43396253751814
79.40882223589205,81.02364829738903
79.40882223589205,81.68472008152841
79.40882223589205,83.1218440789794
79.40882223589205,82.20047322292852
79.40882223589205,80.79683657711854

Best solution fitness: 79.40882223589205 Best Chromosome: [8,9,18,19,5,6,14,12,13,11,20,2,1,15,7,0,21,16,17,3,4,10]