POPSize: 250
Generations: 250
Tournament Selection amount: 4
CrossoverRate: 90
type Of Crossover (1 is UOXwBM 2 is one point): 1
Mutation rate: 0
Number of chromosomes carried over due to Elitism: 5
Seed: 85

134.44781840835674,178.56448887425682
132.84334885634394,173.38016532974459
105.7082428590441,172.66017922670656
105.7082428590441,169.66379542744264
105.7082428590441,170.5706807384563
105.7082428590441,166.7283204625304
105.7082428590441,167.0099933455858
105.7082428590441,169.29461912917043
105.7082428590441,167.74936184039757
105.7082428590441,164.650482080493
105.7082428590441,165.77798132819734
105.7082428590441,165.65418815845868
102.822618557977,167.5757661650621
102.822618557977,164.26981228062482
102.822618557977,165.26686530438852
102.822618557977,163.14781627813576
102.822618557977,162.59376502839217
102.822618557977,159.36688831814848
102.822618557977,158.82063015525094
100.44351984622271,156.28692431242402
100.44351984622271,158.50726010410898
100.44351984622271,157.5183937364198
100.44351984622271,154.2712451520618
100.44351984622271,151.38574310708702
100.44351984622271,149.8878094527899
100.44351984622271,146.42588401330954
100.44351984622271,144.64828563673208
100.44351984622271,145.43940717103794
100.44351984622271,144.47334518107323
94.06352729546342,143.83110095955615
94.06352729546342,139.2591092823531
94.06352729546342,137.99575910523868
91.57796672549188,137.63025847169587
91.57796672549188,137.52205791810627
91.57796672549188,136.63996568754447
91.57796672549188,136.4232916753585
91.57796672549188,134.453376607672
91.32077911225286,133.54686757373713
91.32077911225286,132.35820562607535
91.32077911225286,133.05595370296444
91.32077911225286,131.00686238577705
89.7260880519465,130.51036157541213
89.7260880519465,129.74590807426168
89.29258522425621,129.0133685405294
86.33551111729443,126.33251864524172
86.33551111729443,124.41836102522485
86.33551111729443,122.74339379303662
86.33551111729443,119.94444758234206
86.33551111729443,120.52813421880711
86.33551111729443,120.7531860390261
86.33551111729443,119.73004363845982
86.33551111729443,119.12823085785857
86.33551111729443,119.4176011211946
86.33551111729443,119.02029150634483
86.33551111729443,119.68317980266427
86.33551111729443,119.38725770880299
85.29518743470672,118.05802680897288
85.1146515133303,118.98116641775235
85.1146515133303,116.6232221296185
85.1146515133303,116.53711506347551
85.1146515133303,114.20458065105618
85.1146515133303,114.22771980392494
83.71071962257002,113.2315521505987
83.71071962257002,110.79815590387577
81.9347900107287,107.77367356919908
81.9347900107287,106.13930059294646
78.65940791419385,103.70897001998884
78.65940791419385,102.05391069472034
78.65940791419385,100.71537337739788
77.59532770496284,98.33373514700732
73.74763454584641,97.32526292916134
71.35001620147352,95.79121799508671
71.35001620147352,93.9622106649942
71.35001620147352,92.6849999866849
71.35001620147352,91.06394994631955
71.35001620147352,90.63729819708811
71.35001620147352,88.5641187892289
71.35001620147352,87.5115751539963
70.95094986877646,86.05941500081951
70.95094986877646,85.1402493906054
70.95094986877646,83.28340064447508
70.95094986877646,83.14707547306338
70.95094986877646,82.1339508189339
70.95094986877646,81.1687268182469
68.51518327091654,81.16186379174547
68.51518327091654,80.92225063238412
68.51518327091654,80.81272212950208
68.51518327091654,80.3004984060302
68.51518327091654,79.48155810709338
68.48339106523264,79.36346748504393
68.48339106523264,79.07422770834128
68.48339106523264,78.6669794983084
68.48339106523264,78.33736367988166
67.327074222851,78.83242329687458
67.327074222851,78.4554846448117
67.327074222851,77.73484051155376
67.327074222851,77.93494046839052
67.327074222851,76.7810946910629
67.327074222851,75.83644863553326
67.327074222851,75.59666851266478
67.327074222851,75.25191532613763
67.327074222851,74.89472972183535
67.327074222851,73.82771807964559
67.327074222851,73.38562055006194
67.327074222851,72.90283669169375
67.327074222851,72.59846129127847
67.327074222851,72.24646426307743
67.327074222851,71.74640270265287
67.327074222851,71.31797111579564
67.11993087519122,70.62649427657352
67.11993087519122,70.11056534020375
67.11993087519122,69.60152782818462
67.11993087519122,69.0578400142013
67.11993087519122,68.7353080814494
67.11993087519122,68.27704697599037
67.11993087519122,68.30278266574763
67.11993087519122,68.54921780658238
67.11993087519122,68.73497626441544
67.11417605066893,68.82998382538747
67.11417605066893,68.72810650894192
67.11417605066893,68.98176278627939
67.11417605066893,69.00617033480621
67.11417605066893,68.73489661917388
67.11417605066893,68.52494194912674
67.11417605066893,68.7721454670816
67.11417605066893,69.01773646928653
67.11417605066893,68.80605690303621
67.11417605066893,68.79986628770699
67.11417605066893,68.66404244962465
67.11417605066893,68.70551227589438
67.11417605066893,68.76123233379913
67.11417605066893,68.58188365398537
67.11417605066893,68.30467469218912
67.11417605066893,68.57881670208168
67.11417605066893,68.67425791190834
67.11417605066893,68.38518353225382
67.11417605066893,68.3479325019684
67.11417605066893,68.39100283434216
67.11417605066893,68.54174312641526
67.11417605066893,68.61759905978322
67.11417605066893,68.14326107375805
67.11417605066893,68.26051212286696
67.11417605066893,68.41763846549317
67.11417605066893,68.45111686084591
67.11417605066893,68.4124139295556
67.11417605066893,68.53168762969808
67.11417605066893,68.40523229043565
67.11417605066893,68.38689243863567
67.11417605066893,68.39445473275771
66.95326017498112,68.22597110448037
66.95326017498112,68.35532484050822
66.95326017498112,68.34150410811135
66.95326017498112,68.43367219131629
66.95326017498112,68.7800376889751
66.95265516420073,68.73911908838852
66.95265516420073,68.61870798141561
66.95265516420073,68.70916281138437
66.95265516420073,68.38972135219932
66.95265516420073,68.81623076258764
66.95265516420073,68.67676194846221
66.95265516420073,68.89300557181936
66.95265516420073,68.77472398902846
66.95265516420073,68.80397378168954
66.95265516420073,68.73789189220018
66.95265516420073,68.63736410711132
66.95265516420073,68.60040484125022
66.95265516420073,68.6943821440933
66.95265516420073,68.52121158501947
66.95265516420073,68.2499910973117
66.95265516420073,68.23981735612001
66.95265516420073,68.33621771278038
66.95265516420073,68.55645695520545
66.95265516420073,68.65480349397761
66.95265516420073,68.75693074471873
66.95265516420073,69.01799096202386
66.95265516420073,69.03045044018754
66.95265516420073,68.87369686529804
66.95265516420073,68.83594066943084
66.95265516420073,68.50344396755627
66.95265516420073,68.30749384648712
66.95265516420073,68.67377872948197
66.95265516420073,68.53338611291437
66.95265516420073,68.61066294693728
66.95265516420073,68.86218746828251
66.95265516420073,68.66833799763012
66.95265516420073,68.62746786121738
66.95265516420073,68.39911552070599
66.95265516420073,68.21492379156115
66.95265516420073,68.32503148931676
66.95265516420073,68.389013746674
66.95265516420073,68.42177808092083
66.95265516420073,68.55062140403048
66.95265516420073,68.35025381473909
66.95265516420073,68.58950830777306
66.95265516420073,68.49158063003097
66.95265516420073,68.55355892148165
66.95265516420073,68.2690072282978
66.95265516420073,68.4043476962486
66.95265516420073,68.64387170008364
66.95265516420073,68.68067030344697
66.95265516420073,68.66357818078406
66.95265516420073,69.18947633454518
66.95265516420073,69.0144571485699
66.95265516420073,69.07034131283629
66.95265516420073,69.30205399383988
66.95265516420073,68.93183350714867
66.95265516420073,69.3797903134275
66.95265516420073,69.04970070603936
66.95265516420073,69.1774578740173
66.95265516420073,69.11777987749258
66.95265516420073,68.97222319004133
66.95265516420073,68.80274679956668
66.95265516420073,68.43333799275938
66.95265516420073,68.52050054565774
66.95265516420073,68.57395549667216
66.95265516420073,68.86547864510416
66.95265516420073,68.7716459067019
66.95265516420073,68.69032715055943
66.95265516420073,68.36035432018836
66.95265516420073,68.53507242422306
66.95265516420073,68.61522395921811
66.95265516420073,68.44153019581199
66.95265516420073,68.64886045443754
66.95265516420073,68.76936186588273
66.95265516420073,68.77674487974474
66.95265516420073,68.71646959592248
66.95265516420073,69.10030863715652
66.95265516420073,69.11346007286268
66.95265516420073,68.98291436044205
66.95265516420073,68.80652620793462
66.95265516420073,68.97227402208273
66.95265516420073,69.08441934558124
66.95265516420073,69.20961136186185
66.95265516420073,68.93777788281635
66.95265516420073,68.87945678119098
66.95265516420073,68.62154405962637
66.95265516420073,69.06282872197028
66.95265516420073,69.36474353036796
66.95265516420073,69.23029560296592
66.95265516420073,69.3812512333588
66.95265516420073,69.05290364864358
66.95265516420073,69.10844405319968
66.95265516420073,69.55644222813169
66.95265516420073,69.23185456138349
66.95265516420073,68.89593847677563
66.95265516420073,68.98006467428219
66.95265516420073,68.73174687737716
66.95265516420073,68.81077235523365
66.95265516420073,68.89953544562233
66.95265516420073,69.11201844579479

Best solution fitness: 66.95265516420073 Best Chromosome: [8,9,18,20,19,6,5,11,12,13,15,0,21,2,1,17,3,16,7,14,4,10]