POPSize: 250
Generations: 250
Tournament Selection amount: 4
CrossoverRate: 90
type Of Crossover (1 is UOXwBM 2 is one point): 1
Mutation rate: 10
Number of chromosomes carried over due to Elitism: 10
Seed: 92

125.09549325926801,176.0646041504018
117.19553593609949,172.7308618575321
117.19553593609949,170.9714929216136
117.19553593609949,168.74228925416674
117.19553593609949,166.77394769249162
117.19553593609949,167.24014599851148
117.19553593609949,166.1155751651358
117.19553593609949,166.43105031985192
117.19553593609949,164.7563953583633
116.79742112473946,165.31166806660448
116.79742112473946,165.16802033087745
115.1234822626695,163.2420699925198
115.1234822626695,161.3449860243627
101.31722647602427,163.80995022575422
101.31722647602427,164.3681723910257
101.31722647602427,164.14700650216514
101.31722647602427,161.7987902656311
101.31722647602427,160.49305394018145
97.08824411298818,159.23554181295194
97.08824411298818,161.26916799522462
97.08824411298818,160.42666260093736
97.08824411298818,158.4472286820434
97.08824411298818,154.7292975076508
97.08824411298818,154.2868836603973
97.08824411298818,155.07641454678387
97.08824411298818,153.5990684480004
97.08824411298818,152.1305173816011
97.04703172919277,150.65527491559348
97.04703172919277,149.30829493440257
97.04703172919277,148.62911758351916
97.04703172919277,150.7442957438777
97.04703172919277,145.6504469716891
96.53198512090253,145.7282370531882
96.53198512090253,143.5870201808722
95.9652065997505,146.56232243257472
95.9652065997505,145.87984572524084
95.9652065997505,144.72800722525878
92.69636487938234,144.94856238229983
92.69636487938234,143.48723890104378
92.59805739067193,146.0056086947897
88.57877388657624,141.8676940475231
88.57877388657624,140.95738464563112
88.57877388657624,142.5524559999436
88.57877388657624,141.11639567535784
88.57877388657624,139.52919739094725
88.57877388657624,139.3099952763511
88.57877388657624,140.65895638652924
88.57877388657624,140.83364231607555
88.57877388657624,142.3574021286321
88.57877388657624,140.8454266099792
88.57877388657624,140.80574369787902
88.57877388657624,139.25903581833853
88.57877388657624,139.4086546993355
88.57877388657624,137.87894076939108
88.57877388657624,137.9512083071594
88.57877388657624,138.2274408425835
88.57877388657624,136.80612196851655
88.57877388657624,136.94646307742337
88.57877388657624,134.09872275551282
88.57877388657624,136.56072556886116
88.57877388657624,136.02724288653533
88.57877388657624,135.6007015051941
88.57877388657624,133.01884143244098
88.57877388657624,131.68166854708446
85.68913545339367,133.04736335500436
83.18613461980766,133.37429807602885
82.58884816012349,132.59225712649436
79.70866480131394,132.02008007071473
79.70866480131394,129.20670043059238
79.70866480131394,129.02545803884902
79.70866480131394,128.53238016120892
79.70866480131394,128.3155859124035
79.70866480131394,126.01072837948011
79.70866480131394,122.89809102581768
76.4725432190354,120.32811339005248
76.4725432190354,119.10506600776156
76.4725432190354,118.59599116844197
76.4725432190354,117.3537357904071
76.4725432190354,116.7774317317369
76.34990030695963,118.522383960209
76.34990030695963,115.27261645645444
76.34990030695963,114.07374776223747
76.34990030695963,115.57206348715492
72.44511262629834,112.00293514583541
72.44511262629834,111.9486196397138
72.44511262629834,112.77948239581475
72.44511262629834,110.9595964529167
72.18164205663658,110.81809958432153
72.18164205663658,108.62110095003176
72.18164205663658,107.82005753422463
71.38921662869157,105.24890424397735
71.12464806258532,103.09986955419178
69.58690616298921,103.30797611190853
69.58690616298921,103.93477368213847
69.58690616298921,100.98240796836389
69.58690616298921,98.78595964573957
69.58690616298921,97.09144115678004
69.5729634490729,93.7431969911366
69.5729634490729,92.32213484617738
69.5729634490729,89.53780975051254
69.5729634490729,90.82184333347185
69.51247189412983,88.36920792375797
69.51247189412983,89.64039098741479
68.26617246610189,84.76088175833156
68.26617246610189,86.3906954653345
68.26617246610189,84.343417930751
68.26617246610189,84.72407808815944
68.26617246610189,86.16800453713864
68.26617246610189,82.75007978624285
68.26617246610189,83.70024991438181
68.26617246610189,86.8609787913186
68.26617246610189,86.92611833040625
68.26617246610189,86.05051325170554
68.26617246610189,84.55875512622136
68.26617246610189,84.17592670030261
68.26617246610189,84.3070878257512
68.26617246610189,83.88290860232284
68.26617246610189,81.98813999935027
68.26617246610189,82.42593598069256
68.26617246610189,82.03381502034902
68.26617246610189,82.45131379346665
68.26617246610189,79.7237458116331
68.26617246610189,77.96720182803827
68.16166179100978,77.79631233193689
68.16166179100978,78.24308775381542
68.16166179100978,79.47374871465324
68.16166179100978,81.09188917147932
68.16166179100978,79.13653963993382
68.16166179100978,77.74041667730164
68.16166179100978,79.47580178701828
68.16166179100978,83.16267222423123
68.16166179100978,81.94962976450836
68.16166179100978,81.76913523129868
68.16166179100978,81.80283665253886
68.16166179100978,80.26887248454015
68.16166179100978,80.91498710090526
68.16166179100978,82.71519603341514
68.16166179100978,80.82909213910256
68.16166179100978,81.45033542543025
68.16166179100978,79.23031917545315
68.16166179100978,80.22804238320462
68.16166179100978,79.27143867090332
68.16166179100978,76.55262417471512
68.16166179100978,77.24483798316993
68.16166179100978,78.28842760793569
68.16166179100978,83.55980165723804
68.16166179100978,85.47825234539744
68.16166179100978,89.19596357844098
68.16166179100978,88.27246631696818
68.16166179100978,83.09651286819793
68.16166179100978,84.10080938296063
68.16166179100978,84.81573876169269
68.16166179100978,85.29736869141433
68.16166179100978,82.50528054693827
67.97926827569395,82.43497004313753
67.97926827569395,80.59523700882103
67.97926827569395,80.22704932723839
67.97926827569395,78.63855801329788
67.97926827569395,78.21395512454252
67.97926827569395,78.82809423677908
67.97926827569395,79.93353115526739
67.97926827569395,79.32787818882969
67.97926827569395,81.32043887790697
67.97926827569395,79.6459781207909
67.97926827569395,79.11273477155304
67.97926827569395,80.09189116529753
67.97926827569395,81.37005778027363
67.97926827569395,81.65617040362062
67.97926827569395,83.73470634202057
67.97926827569395,83.44804647654385
67.97926827569395,82.2991359770296
67.97926827569395,86.823389319562
67.97926827569395,84.41226761189024
67.97926827569395,85.23136371085222
67.97926827569395,85.18068138520287
67.97926827569395,87.84086336125384
67.97926827569395,88.64244187929093
67.97926827569395,87.72986305094777
67.97926827569395,83.75959254462803
67.56590683219497,83.91453724111896
67.56590683219497,86.10378310020143
67.56590683219497,82.2264255846841
67.56590683219497,83.72009073140143
67.56590683219497,82.6487832429945
67.56590683219497,83.26394042443029
67.56590683219497,82.42762846472662
67.56590683219497,82.24813965360143
67.56590683219497,79.30628941415027
67.56590683219497,78.14723449378383
67.56590683219497,76.82302076818007
67.56590683219497,78.99189890215825
67.56590683219497,78.9986805654438
66.73345857024557,81.2995151712218
66.73345857024557,78.15569909745727
66.73345857024557,82.72539340437388
66.73345857024557,86.18916663263224
66.73345857024557,84.49168201663993
66.73345857024557,82.61069918505557
66.73345857024557,83.96514518965763
66.73345857024557,84.90912318576335
66.73345857024557,84.82597360066109
66.73345857024557,85.11252217678816
66.37773143963153,84.79393492393332
66.37773143963153,83.76899152573856
66.37773143963153,83.9855340641536
66.37773143963153,84.27593299507865
66.37773143963153,82.55524068706214
66.37773143963153,81.40625831698475
66.37773143963153,82.75565395594816
66.37773143963153,82.32716607731331
66.37773143963153,82.47295855190306
66.37773143963153,84.93613528204443
66.37773143963153,78.47505490132927
66.37773143963153,76.91559891661682
66.37773143963153,78.23222403283583
66.37773143963153,77.78130509424942
66.37773143963153,76.9897546293313
66.37773143963153,78.31400789611058
66.37773143963153,81.01187179457163
66.37773143963153,78.77213209748776
66.37773143963153,79.17049607243611
66.37773143963153,80.96916615130851
66.37773143963153,78.96202896742386
66.37773143963153,83.69630679576152
66.37773143963153,83.46614177537585
66.37773143963153,78.85335030385676
66.37773143963153,76.71090540742529
66.37773143963153,76.32454211437852
66.37773143963153,75.91285788313293
66.37773143963153,79.0556836245821
66.37773143963153,80.20488140565318
66.37773143963153,79.8138470121661
66.37773143963153,80.50817847108746
66.37773143963153,80.04991894008785
66.37773143963153,81.55375369702983
66.37773143963153,84.60205022175718
66.37773143963153,82.90396024548912
66.37773143963153,82.28366439367252
66.37773143963153,78.48053711083689
66.37773143963153,79.06157092581387
66.37773143963153,81.9455154435773
66.37773143963153,79.86518670215108
66.37773143963153,78.04883348613139
66.37773143963153,77.79307001182352
66.37773143963153,76.82931499057298
66.37773143963153,77.06279407108393
66.37773143963153,78.71983627177
66.37773143963153,80.2752193820938
66.37773143963153,81.34665569653004
66.37773143963153,80.2886811230436

Best solution fitness: 66.37773143963153 Best Chromosome: [8,5,6,11,12,13,7,17,3,16,1,2,21,0,15,20,19,9,18,14,4,10]