POPSize: 250
Generations: 250
Tournament Selection amount: 4
CrossoverRate: 90
type Of Crossover (1 is UOXwBM 2 is one point): 1
Mutation rate: 0
Number of chromosomes carried over due to Elitism: 1
Seed: 222

1394.731635765242,1637.7787376919994
1355.6022908970042,1633.3606466568353
1348.2770131187901,1626.640886638517
1277.3296709551512,1610.309200252643
1277.3296709551512,1606.7923963479436
1277.3296709551512,1623.0322986094986
1277.3296709551512,1613.7519088116198
1277.3296709551512,1617.4564902652442
1264.7540419600011,1628.5632796660884
1264.7540419600011,1622.9275590912018
1264.7540419600011,1617.0264103792194
1264.7540419600011,1624.3371174472904
1264.7540419600011,1623.6933888319595
1264.7540419600011,1608.9247852005362
1264.7540419600011,1618.2098114505332
1264.7540419600011,1616.4704171478622
1264.7540419600011,1609.780229942463
1264.7540419600011,1603.642583939914
1264.7540419600011,1613.4087310425637
1264.7540419600011,1610.5808076045478
1264.7540419600011,1604.3994180675156
1264.7540419600011,1613.246760920534
1264.7540419600011,1611.6260766141456
1264.7540419600011,1626.7790221386608
1264.7540419600011,1613.4575053154401
1264.7540419600011,1616.5705877964522
1221.6695281960367,1618.4548049642883
1221.6695281960367,1619.132000963397
1221.6695281960367,1608.758193408533
1221.6695281960367,1616.659263319786
1221.6695281960367,1616.080119552568
1221.6695281960367,1609.4284123520508
1221.6695281960367,1620.449457978181
1221.6695281960367,1612.0721018475642
1221.6695281960367,1621.8826619833476
1221.6695281960367,1610.7400451479614
1221.6695281960367,1611.6823738855342
1221.6695281960367,1608.8540087684337
1221.6695281960367,1613.3312427818569
1221.6695281960367,1614.0366957263034
1221.6695281960367,1614.640292677888
1221.6695281960367,1611.2761750760492
1221.6695281960367,1616.092220350945
1221.6695281960367,1612.5011604742485
1221.6695281960367,1613.201719597949
1221.6695281960367,1615.0634222885506
1221.6695281960367,1618.6438200186653
1221.6695281960367,1633.5800431463165
1221.6695281960367,1624.6028273372233
1221.6695281960367,1619.9859543232137
1221.6695281960367,1609.8386411601123
1221.6695281960367,1608.8073457214791
1221.6695281960367,1624.2195201419
1221.6695281960367,1617.8177564528837
1221.6695281960367,1615.9556411495635
1221.6695281960367,1614.6174774487388
1221.6695281960367,1613.801337401137
1221.6695281960367,1618.6179151333465
1221.6695281960367,1610.5284660671973
1221.6695281960367,1623.8801427245223
1221.6695281960367,1620.8626131421008
1221.6695281960367,1616.2855988808258
1221.6695281960367,1610.1228067451518
1221.6695281960367,1608.3530314340592
1221.6695281960367,1605.4482579145426
1221.6695281960367,1610.9550848738845
1221.6695281960367,1612.1536638088571
1221.6695281960367,1608.7806707195675
1221.6695281960367,1607.5488826163898
1221.6695281960367,1611.2688307932897
1221.6695281960367,1607.3227364608222
1221.6695281960367,1614.8996152284312
1221.6695281960367,1614.7616982914033
1221.6695281960367,1615.1466701384672
1221.6695281960367,1614.4942765902936
1221.6695281960367,1614.989523287562
1221.6695281960367,1606.9367661179217
1221.6695281960367,1604.5746747285498
1221.6695281960367,1614.3943268612002
1221.6695281960367,1616.1587668235854
1221.6695281960367,1607.072990138314
1221.6695281960367,1611.8118621496612
1221.6695281960367,1612.8498134159395
1221.6695281960367,1611.2279678036437
1221.6695281960367,1620.087232432696
1221.6695281960367,1617.8260354103002
1221.6695281960367,1611.7516223833989
1221.6695281960367,1624.091927991908
1221.6695281960367,1619.8762196192947
1221.6695281960367,1621.8339946184226
1221.6695281960367,1625.286061887812
1221.6695281960367,1626.325377283489
1221.6695281960367,1632.5521315157946
1221.6695281960367,1621.962840447347
1221.6695281960367,1623.1263187698373
1221.6695281960367,1623.529659060038
1221.6695281960367,1617.0267613146873
1221.6695281960367,1611.6874291115164
1221.6695281960367,1610.620625189547
1221.6695281960367,1624.6597730994167
1221.6695281960367,1618.1391000672488
1221.6695281960367,1617.309191692782
1221.6695281960367,1615.8834290627124
1221.6695281960367,1607.4641893993278
1221.6695281960367,1610.8430158680255
1221.6695281960367,1614.9892500626222
1221.6695281960367,1606.4517863340382
1221.6695281960367,1601.0935139502376
1221.6695281960367,1614.9734228752163
1221.6695281960367,1614.7320590368288
1221.6695281960367,1611.7834526834306
1221.6695281960367,1619.6907088381245
1221.6695281960367,1625.6585256689211
1221.6695281960367,1612.5666811385245
1221.6695281960367,1612.4309016058185
1221.6695281960367,1605.59587311955
1221.6695281960367,1602.6375507396654
1221.6695281960367,1604.6131127951965
1221.6695281960367,1614.9145691244034
1221.6695281960367,1607.5052763200838
1221.6695281960367,1612.843774869029
1221.6695281960367,1612.7040192520246
1221.6695281960367,1614.1370361027862
1221.6695281960367,1616.4868785517967
1221.6695281960367,1612.19189998882
1221.6695281960367,1617.2692305919547
1221.6695281960367,1614.3310790413998
1221.6695281960367,1614.9309389931661
1221.6695281960367,1617.5092886717234
1221.6695281960367,1622.0803352710132
1221.6695281960367,1616.3562779879212
1221.6695281960367,1616.2557252207987
1221.6695281960367,1612.0273092561897
1221.6695281960367,1608.3970127792588
1221.6695281960367,1611.7886878004754
1221.6695281960367,1612.41254196314
1221.6695281960367,1610.7716007190566
1221.6695281960367,1621.4892063347559
1221.6695281960367,1619.650011095701
1221.6695281960367,1609.7239961322734
1221.6695281960367,1616.3587785412476
1221.6695281960367,1615.6616080328101
1221.6695281960367,1621.8442801080794
1221.6695281960367,1620.8509512573917
1221.6695281960367,1609.2431606731493
1221.6695281960367,1625.9421152861066
1221.6695281960367,1630.7179667298096
1221.6695281960367,1622.805984220917
1221.6695281960367,1619.693648561994
1221.6695281960367,1618.3105329609805
1221.6695281960367,1606.96475749219
1221.6695281960367,1605.028189017304
1221.6695281960367,1613.5420854884726
1221.6695281960367,1619.7037389712139
1221.6695281960367,1610.9241554326106
1221.6695281960367,1609.2492167358425
1221.6695281960367,1611.5552553597543
1221.6695281960367,1609.3811484948803
1221.6695281960367,1605.397128866002
1221.6695281960367,1607.2236732710473
1221.6695281960367,1612.5203259876307
1221.6695281960367,1623.2856815290593
1221.6695281960367,1625.9458047936844
1221.6695281960367,1620.4852463384675
1221.6695281960367,1621.0544738274273
1221.6695281960367,1616.5826677530415
1221.6695281960367,1610.6749977878976
1221.6695281960367,1618.382741656724
1221.6695281960367,1616.9688068723492
1221.6695281960367,1621.4392738939207
1221.6695281960367,1615.6954201264189
1221.6695281960367,1618.8319568212182
1221.6695281960367,1610.2354174656716
1221.6695281960367,1616.5220749638268
1221.6695281960367,1625.943751708497
1221.6695281960367,1618.3967413728842
1221.6695281960367,1615.297651674938
1221.6695281960367,1621.9879989166927
1221.6695281960367,1611.2602019557587
1221.6695281960367,1616.8302268413777
1221.6695281960367,1617.7471329780894
1221.6695281960367,1622.9462678285488
1221.6695281960367,1608.7808485572382
1221.6695281960367,1606.488910517012
1221.6695281960367,1609.8897468329894
1221.6695281960367,1611.1242612084118
1221.6695281960367,1614.9878397847797
1221.6695281960367,1615.722925257869
1221.6695281960367,1610.9334100169708
1221.6695281960367,1605.9982077678346
1221.6695281960367,1611.986209493874
1221.6695281960367,1613.8189253720768
1221.6695281960367,1612.7487775198608
1221.6695281960367,1605.352310847521
1221.6695281960367,1625.3233568203957
1221.6695281960367,1621.831963916337
1221.6695281960367,1621.1330406421641
1221.6695281960367,1625.2325107018983
1221.6695281960367,1617.2383885046117
1221.6695281960367,1624.1627844869734
1221.6695281960367,1622.7470318509543
1221.6695281960367,1611.8876851013224
1221.6695281960367,1615.4479202834189
1221.6695281960367,1615.5688471286226
1221.6695281960367,1622.0732725856212
1221.6695281960367,1622.252610283992
1221.6695281960367,1619.8818194875014
1221.6695281960367,1601.122709093574
1221.6695281960367,1598.8604672718056
1221.6695281960367,1603.818333997585
1221.6695281960367,1613.1125694822458
1221.6695281960367,1611.378575350356
1221.6695281960367,1618.795979022987
1221.6695281960367,1612.8338422330557
1221.6695281960367,1613.4827877032885
1221.6695281960367,1617.1243375226086
1221.6695281960367,1626.7829215377365
1221.6695281960367,1625.19706872895
1221.6695281960367,1618.92558050684
1221.6695281960367,1622.023365565159
1221.6695281960367,1632.3996184282025
1221.6695281960367,1629.932695086917
1221.6695281960367,1626.412848648615
1221.6695281960367,1609.0648537199868
1221.6695281960367,1611.690378595065
1221.6695281960367,1619.4340474096998
1221.6695281960367,1614.4074908549628
1221.6695281960367,1612.4835980235914
1221.6695281960367,1608.8551348333167
1221.6695281960367,1612.718007355472
1221.6695281960367,1608.5939330044496
1221.6695281960367,1606.1484609322304
1221.6695281960367,1625.89613707699
1221.6695281960367,1618.4609871837715
1221.6695281960367,1613.961361228017
1221.6695281960367,1616.6323569565814
1221.6695281960367,1609.7663983898588
1221.6695281960367,1606.0946227240115
1221.6695281960367,1613.7288948236194
1221.6695281960367,1612.1718257205932
1221.6695281960367,1606.8749286320704
1221.6695281960367,1617.8157640587242
1221.6695281960367,1610.000036961532
1221.6695281960367,1613.1645995517515
1221.6695281960367,1614.220573709538
1221.6695281960367,1608.7444193195015
1221.6695281960367,1618.283203288122
1221.6695281960367,1611.7570042693726
1221.6695281960367,1604.5495733342782
1221.6695281960367,1610.4773051588618

Best solution fitness: 1221.6695281960367 Best Chromosome: [43,9,35,38,20,48,36,0,19,27,47,46,41,44,31,42,45,30,1,37,26,3,12,17,13,24,11,16,4,50,5,21,25,28,18,40,23,6,7,22,39,10,33,2,15,29,8,34,49,14,32]