POPSize: 250
Generations: 250
Tournament Selection amount: 4
CrossoverRate: 85
type Of Crossover (1 is UOXwBM 2 is one point): 2
Mutation rate: 2
Number of chromosomes carried over due to Elitism: 1
Seed: 135

128.0153046671543,176.98399966536138
125.55989255188456,170.7279994357074
120.50765982393952,165.72168276834662
120.50765982393952,159.29032632479226
120.50765982393952,156.49881632553664
105.7777283297392,153.3951151583281
103.05797492111338,150.9958120883975
103.05797492111338,146.35129286509346
97.24289522631275,141.96838790053974
84.16867453094741,140.51091707229662
84.16867453094741,133.86972575898633
84.16867453094741,130.04007527010538
84.16867453094741,127.236173432243
84.16867453094741,124.25157720317817
82.44280358709642,121.17194650078265
82.44280358709642,117.80438564397485
78.30400255772219,115.75334746127545
78.30400255772219,113.97953548133046
78.30400255772219,112.66015329471556
78.30400255772219,110.26756646189818
78.26787992295199,107.16689576719804
78.26787992295199,105.2439807137674
75.5761029451954,101.89677920897107
75.5761029451954,96.7749909650322
75.5761029451954,93.02434870696194
75.44576174599203,88.98916578094156
72.63742234453602,87.40289541282586
71.55345709114297,84.88076334556624
71.55345709114297,82.97722584636547
71.55345709114297,81.75507467834178
70.17092655508833,80.34659862705189
70.08806397483279,79.02148392807395
70.08806397483279,78.49073397217116
68.70553343877815,77.68062361787851
68.70553343877815,76.40477417196766
68.70553343877815,75.81871384939258
68.70553343877815,75.28590088491215
68.70553343877815,74.66935455189667
68.70553343877815,74.22570076924822
68.69129740540733,73.58498256697999
68.69129740540733,74.41331289747626
68.69129740540733,74.08276075927343
68.69129740540733,73.38993426802163
68.69129740540733,73.21904150482602
68.69129740540733,72.2771613109332
68.69129740540733,70.94022272426214
68.69129740540733,70.26699969524014
68.69129740540733,71.53929496718413
68.69129740540733,70.93000746808282
68.69129740540733,70.54520531792012
68.69129740540733,70.26312084840856
68.69129740540733,72.12302270913354
68.69129740540733,70.91223759513038
68.69129740540733,71.82744408217428
68.69129740540733,70.9073520379368
68.69129740540733,70.45037239329152
68.69129740540733,71.69812346452825
68.69129740540733,70.55358546467338
68.69129740540733,70.31651942873442
68.69129740540733,70.58863741842691
68.69129740540733,70.34994567351495
68.69129740540733,71.35286465374516
68.69129740540733,71.13439371021835
68.69129740540733,71.80125071598171
68.69129740540733,70.5527613545102
68.69129740540733,70.92734447609145
68.69129740540733,72.1034666310959
68.69129740540733,71.23353946375435
68.69129740540733,71.26317868324152
68.69129740540733,71.79072781172734
68.69129740540733,71.90740605811071
68.69129740540733,70.92517939970419
68.69129740540733,71.58352959198716
68.69129740540733,70.42263469789661
68.69129740540733,70.14092388172816
68.69129740540733,70.50435088172699
68.69129740540733,72.04784328285238
68.69129740540733,71.00336444262827
68.69129740540733,72.70091845286436
68.69129740540733,73.66566968032593
68.69129740540733,72.59078484892356
68.69129740540733,71.15121543579865
68.69129740540733,70.41611210023771
68.69129740540733,71.56935673346922
68.69129740540733,71.48936401938255
68.69129740540733,70.58291143307163
68.69129740540733,69.91932786208032
68.69129740540733,70.59889710520801
68.69129740540733,70.9327552638456
68.69129740540733,72.15883388040608
68.69129740540733,71.48290130636884
68.69129740540733,70.56252438603495
68.69129740540733,70.06260115839915
68.69129740540733,70.12342020403463
68.69129740540733,70.84641334673097
68.69129740540733,70.67143489552016
68.69129740540733,70.64720178304543
68.69129740540733,71.24933418382642
68.69129740540733,69.97648323245168
68.69129740540733,71.57508691872466
68.69129740540733,72.45832150808089
68.69129740540733,71.02310028315813
68.69129740540733,70.32723938672288
68.69129740540733,70.9742074944475
68.69129740540733,70.20917516190326
68.69129740540733,70.36940015829775
68.69129740540733,71.38605030350658
68.69129740540733,70.69271401240681
68.69129740540733,71.0795141136284
68.69129740540733,70.55028175969551
68.69129740540733,70.64666021519176
68.69129740540733,70.25888536777298
68.69129740540733,70.62853189370803
68.69129740540733,69.71384264165498
68.69129740540733,70.57054680663117
68.69129740540733,70.34756772173334
68.69129740540733,70.05804808956754
68.69129740540733,69.90633732392966
68.69129740540733,70.24003377125005
68.69129740540733,71.3877908338385
68.69129740540733,72.76818179343408
68.69129740540733,70.70847850073422
68.69129740540733,70.2173505497475
68.69129740540733,70.27646381451434
68.69129740540733,70.18478885467572
68.69129740540733,71.43285013479819
68.69129740540733,70.386009021913
68.69129740540733,71.27178194241797
68.69129740540733,70.94528114278855
68.69129740540733,71.69535106497449
68.69129740540733,72.1321114472696
68.69129740540733,71.91081526325216
68.69129740540733,72.14760953527203
68.69129740540733,70.96470880843063
68.69129740540733,70.98408682425435
68.69129740540733,71.724551525897
68.69129740540733,70.9023122495341
68.69129740540733,71.33875998683237
68.69129740540733,71.58261582227298
68.69129740540733,71.17565541948741
68.69129740540733,70.78214481728698
68.69129740540733,69.92249176895717
68.69129740540733,69.85429699958306
68.69129740540733,72.51363597007793
68.69129740540733,71.97404250462338
68.69129740540733,71.57174847882291
68.69129740540733,71.5198083405395
68.69129740540733,72.13287622351613
68.69129740540733,71.8465230840641
68.69129740540733,70.69831322533692
68.69129740540733,70.43621183549077
68.69129740540733,70.9153455174131
68.69129740540733,70.93642049089554
68.69129740540733,69.93544240166187
68.69129740540733,69.60653741498496
68.69129740540733,70.22549462175331
68.69129740540733,69.9512018317225
68.69129740540733,70.57298213798663
68.69129740540733,71.35085956888426
68.69129740540733,71.32657387857058
68.69129740540733,71.13389669612842
68.69129740540733,71.64877658763513
68.69129740540733,71.4603647493315
68.69129740540733,69.83061238444446
68.69129740540733,69.61607334244242
68.69129740540733,70.38995796291672
68.69129740540733,71.32158733443202
68.69129740540733,70.50228083155265
68.69129740540733,71.32394585487219
68.69129740540733,70.74063855959413
68.69129740540733,69.71030165248145
68.69129740540733,70.40219289868693
68.69129740540733,72.19496980620661
68.69129740540733,71.59817254502023
68.69129740540733,70.46785463532638
68.69129740540733,70.5147670915588
68.69129740540733,70.71067059449891
68.69129740540733,71.28399813781816
68.69129740540733,70.34417432600888
68.69129740540733,70.5747344427278
68.69129740540733,70.93609990416005
68.69129740540733,71.07960395351436
68.69129740540733,71.5050738408253
68.69129740540733,71.24418277029251
68.69129740540733,71.41248132737879
68.69129740540733,70.98724592585577
68.69129740540733,70.42776669905021
68.69129740540733,69.88899655082096
68.69129740540733,69.80884006135227
68.69129740540733,69.84642605396834
68.69129740540733,70.23166034961352
68.69129740540733,70.30019188925752
68.69129740540733,70.22187277712075
68.69129740540733,69.80660210525842
68.69129740540733,70.79967860074407
68.69129740540733,70.9542144058484
68.69129740540733,71.2638934998904
68.69129740540733,72.5097934570891
68.69129740540733,71.09638444274334
68.69129740540733,73.295247260871
68.69129740540733,71.35713732432795
68.69129740540733,71.86481669221322
68.69129740540733,71.63627619275572
68.69129740540733,70.91763915783699
68.69129740540733,70.2329444066817
68.69129740540733,70.22594783642445
68.69129740540733,69.55863178097434
68.69129740540733,70.17259902107195
68.69129740540733,71.12815299062144
68.69129740540733,71.40219384549722
68.69129740540733,71.47794741440714
68.69129740540733,70.73597192302205
68.69129740540733,71.3690713109931
68.69129740540733,70.77281546469396
68.69129740540733,70.74399352493762
68.69129740540733,70.95224916026034
68.69129740540733,72.65634674245722
68.69129740540733,71.26589379686747
68.69129740540733,70.93952048356344
68.69129740540733,70.74418561135606
68.69129740540733,70.49894333530702
68.69129740540733,69.80874681569222
68.69129740540733,70.19402272637467
68.69129740540733,70.55174602279541
68.69129740540733,70.61064739295217
68.69129740540733,70.98614525915207
68.69129740540733,70.45078585790489
68.69129740540733,71.44123063572118
68.69129740540733,71.32925717246071
68.69129740540733,71.55647154549625
68.69129740540733,71.25549945590548
68.69129740540733,72.07590606321155
68.69129740540733,71.00681601312635
68.69129740540733,69.62143559350429
68.69129740540733,70.27608617855438
68.69129740540733,71.28448834753195
68.69129740540733,71.31320225166635
68.69129740540733,71.95058215221863
68.69129740540733,71.33298683023878
68.69129740540733,71.85789397716023
68.69129740540733,71.44481766128516
68.69129740540733,70.83770360623689
68.69129740540733,71.01979477034752
68.69129740540733,72.153720297815
68.69129740540733,71.87040502783195
68.69129740540733,71.56507646223525
68.69129740540733,71.26460415607215
68.69129740540733,69.90434983588108
68.69129740540733,70.70795027040725
68.69129740540733,70.14022803070787

Best solution fitness: 68.69129740540733 Best Chromosome: [8,9,18,20,15,7,3,17,16,1,2,21,0,19,5,6,13,11,12,14,4,10]